5 	128 	139 	0 	0 	0 	0 	0 	
50 	51 	138 	0 	0 	0 	0 	0 	
66 	67 	140 	0 	0 	0 	0 	0 	
112 	113 	137 	0 	0 	0 	0 	0 	
1 	6 	139 	205 	0 	0 	0 	0 	
5 	7 	205 	283 	286 	0 	0 	0 	
6 	8 	286 	381 	0 	0 	0 	0 	
7 	9 	381 	577 	0 	0 	0 	0 	
8 	10 	574 	577 	0 	0 	0 	0 	
9 	11 	565 	574 	0 	0 	0 	0 	
10 	12 	565 	832 	0 	0 	0 	0 	
11 	13 	832 	863 	0 	0 	0 	0 	
12 	14 	694 	863 	1100 	0 	0 	0 	
13 	15 	694 	696 	0 	0 	0 	0 	
14 	16 	696 	716 	0 	0 	0 	0 	
15 	17 	716 	767 	0 	0 	0 	0 	
16 	18 	389 	767 	0 	0 	0 	0 	
17 	19 	389 	739 	0 	0 	0 	0 	
18 	20 	725 	739 	1149 	0 	0 	0 	
19 	21 	513 	725 	0 	0 	0 	0 	
20 	22 	513 	1063 	1242 	0 	0 	0 	
21 	23 	828 	1063 	0 	0 	0 	0 	
22 	24 	556 	828 	0 	0 	0 	0 	
23 	25 	556 	558 	843 	0 	0 	0 	
24 	26 	400 	558 	0 	0 	0 	0 	
25 	27 	400 	589 	0 	0 	0 	0 	
26 	28 	533 	589 	0 	0 	0 	0 	
27 	29 	533 	1181 	0 	0 	0 	0 	
28 	30 	881 	1181 	0 	0 	0 	0 	
29 	31 	638 	881 	1097 	0 	0 	0 	
30 	32 	521 	1097 	0 	0 	0 	0 	
31 	33 	521 	722 	0 	0 	0 	0 	
32 	34 	722 	1066 	0 	0 	0 	0 	
33 	35 	726 	955 	1066 	0 	0 	0 	
34 	36 	522 	955 	0 	0 	0 	0 	
35 	37 	384 	522 	0 	0 	0 	0 	
36 	38 	384 	547 	0 	0 	0 	0 	
37 	39 	547 	774 	1094 	0 	0 	0 	
38 	40 	824 	1094 	0 	0 	0 	0 	
39 	41 	582 	824 	0 	0 	0 	0 	
40 	42 	257 	582 	0 	0 	0 	0 	
41 	43 	257 	534 	0 	0 	0 	0 	
42 	44 	267 	534 	0 	0 	0 	0 	
43 	45 	267 	282 	0 	0 	0 	0 	
44 	46 	282 	382 	0 	0 	0 	0 	
45 	47 	382 	394 	0 	0 	0 	0 	
46 	48 	383 	394 	0 	0 	0 	0 	
47 	49 	269 	383 	0 	0 	0 	0 	
48 	50 	269 	413 	0 	0 	0 	0 	
2 	49 	138 	287 	413 	0 	0 	0 	
2 	52 	138 	275 	0 	0 	0 	0 	
51 	53 	270 	275 	0 	0 	0 	0 	
52 	54 	270 	290 	0 	0 	0 	0 	
53 	55 	272 	290 	0 	0 	0 	0 	
54 	56 	272 	583 	0 	0 	0 	0 	
55 	57 	550 	583 	838 	0 	0 	0 	
56 	58 	550 	837 	0 	0 	0 	0 	
57 	59 	545 	837 	0 	0 	0 	0 	
58 	60 	545 	596 	853 	0 	0 	0 	
59 	61 	564 	596 	0 	0 	0 	0 	
60 	62 	260 	414 	564 	0 	0 	0 	
61 	63 	203 	414 	0 	0 	0 	0 	
62 	64 	203 	408 	0 	0 	0 	0 	
63 	65 	199 	406 	408 	0 	0 	0 	
64 	66 	199 	274 	0 	0 	0 	0 	
3 	65 	140 	274 	0 	0 	0 	0 	
3 	68 	140 	200 	0 	0 	0 	0 	
67 	69 	200 	397 	0 	0 	0 	0 	
68 	70 	259 	397 	568 	0 	0 	0 	
69 	71 	386 	568 	0 	0 	0 	0 	
70 	72 	254 	386 	411 	0 	0 	0 	
71 	73 	281 	411 	0 	0 	0 	0 	
72 	74 	266 	281 	0 	0 	0 	0 	
73 	75 	266 	566 	0 	0 	0 	0 	
74 	76 	258 	566 	0 	0 	0 	0 	
75 	77 	258 	562 	0 	0 	0 	0 	
76 	78 	562 	806 	1068 	0 	0 	0 	
77 	79 	753 	1068 	0 	0 	0 	0 	
78 	80 	753 	854 	1140 	0 	0 	0 	
79 	81 	546 	755 	854 	0 	0 	0 	
80 	82 	374 	755 	0 	0 	0 	0 	
81 	83 	374 	671 	0 	0 	0 	0 	
82 	84 	571 	671 	0 	0 	0 	0 	
83 	85 	571 	890 	0 	0 	0 	0 	
84 	86 	685 	890 	0 	0 	0 	0 	
85 	87 	497 	685 	0 	0 	0 	0 	
86 	88 	497 	922 	1289 	0 	0 	0 	
87 	89 	826 	922 	0 	0 	0 	0 	
88 	90 	555 	826 	0 	0 	0 	0 	
89 	91 	555 	557 	844 	0 	0 	0 	
90 	92 	399 	557 	0 	0 	0 	0 	
91 	93 	399 	532 	0 	0 	0 	0 	
92 	94 	532 	1047 	0 	0 	0 	0 	
93 	95 	951 	1047 	0 	0 	0 	0 	
94 	96 	951 	1003 	0 	0 	0 	0 	
95 	97 	642 	1003 	1032 	0 	0 	0 	
96 	98 	772 	1032 	0 	0 	0 	0 	
97 	99 	528 	772 	0 	0 	0 	0 	
98 	100 	528 	1107 	0 	0 	0 	0 	
99 	101 	731 	1061 	1107 	0 	0 	0 	
100 	102 	390 	812 	1061 	0 	0 	0 	
101 	103 	390 	888 	0 	0 	0 	0 	
102 	104 	841 	888 	0 	0 	0 	0 	
103 	105 	841 	1006 	0 	0 	0 	0 	
104 	106 	594 	1006 	1246 	0 	0 	0 	
105 	107 	541 	594 	0 	0 	0 	0 	
106 	108 	541 	570 	857 	0 	0 	0 	
107 	109 	201 	570 	0 	0 	0 	0 	
108 	110 	201 	276 	0 	0 	0 	0 	
109 	111 	276 	278 	415 	0 	0 	0 	
110 	112 	207 	278 	0 	0 	0 	0 	
4 	111 	137 	207 	0 	0 	0 	0 	
4 	114 	137 	204 	0 	0 	0 	0 	
113 	115 	204 	284 	285 	0 	0 	0 	
114 	116 	285 	416 	0 	0 	0 	0 	
115 	117 	380 	416 	0 	0 	0 	0 	
116 	118 	380 	409 	0 	0 	0 	0 	
117 	119 	409 	679 	0 	0 	0 	0 	
118 	120 	679 	1067 	0 	0 	0 	0 	
119 	121 	721 	1067 	0 	0 	0 	0 	
120 	122 	569 	721 	1123 	0 	0 	0 	
121 	123 	273 	569 	0 	0 	0 	0 	
122 	124 	273 	288 	0 	0 	0 	0 	
123 	125 	288 	388 	0 	0 	0 	0 	
124 	126 	265 	388 	396 	0 	0 	0 	
125 	127 	277 	396 	0 	0 	0 	0 	
126 	128 	206 	277 	0 	0 	0 	0 	
1 	127 	139 	206 	0 	0 	0 	0 	
663 	889 	907 	1017 	1177 	1249 	0 	0 	
692 	758 	927 	945 	963 	1256 	0 	0 	
710 	926 	958 	1229 	1257 	1359 	0 	0 	
650 	761 	915 	1065 	1208 	1277 	0 	0 	
398 	417 	542 	856 	1106 	1156 	0 	0 	
202 	262 	271 	599 	695 	978 	1119 	0 	
279 	403 	421 	581 	584 	803 	0 	0 	
280 	404 	405 	420 	575 	807 	0 	0 	
4 	112 	113 	204 	207 	0 	0 	0 	
2 	50 	51 	275 	287 	0 	0 	0 	
1 	5 	128 	205 	206 	0 	0 	0 	
3 	66 	67 	200 	274 	0 	0 	0 	
742 	946 	975 	1188 	1324 	0 	0 	0 	
760 	809 	1041 	1219 	1253 	0 	0 	0 	
733 	735 	876 	1072 	1221 	1234 	0 	0 	
687 	740 	947 	1001 	1011 	1110 	1217 	0 	
680 	750 	885 	895 	1002 	1354 	0 	0 	
681 	778 	870 	898 	1130 	1223 	1231 	0 	
700 	746 	924 	968 	1161 	1327 	0 	0 	
525 	666 	701 	879 	987 	1082 	1268 	0 	
659 	793 	874 	906 	1136 	1243 	1321 	0 	
561 	678 	862 	916 	1105 	1218 	1350 	0 	
677 	795 	878 	1060 	1099 	1215 	1329 	0 	
401 	588 	591 	765 	861 	0 	0 	0 	
255 	376 	385 	529 	587 	982 	0 	0 	
262 	270 	387 	393 	412 	598 	0 	0 	
199 	391 	402 	410 	419 	593 	0 	0 	
203 	407 	418 	542 	552 	834 	856 	0 	
202 	271 	272 	289 	379 	543 	0 	0 	
201 	263 	392 	539 	817 	1043 	1049 	0 	
264 	265 	388 	831 	852 	1095 	0 	0 	
205 	206 	277 	279 	283 	403 	0 	0 	
204 	207 	278 	280 	284 	405 	0 	0 	
630 	645 	649 	786 	973 	1015 	1052 	0 	
796 	872 	942 	1162 	1189 	1344 	0 	0 	
634 	912 	1038 	1175 	1193 	1225 	0 	0 	
723 	902 	989 	1000 	1282 	1286 	0 	0 	
873 	984 	1028 	1192 	1237 	1252 	0 	0 	
636 	914 	970 	1108 	1262 	1300 	0 	0 	
667 	728 	766 	976 	1133 	1134 	0 	0 	
544 	549 	708 	782 	1036 	1073 	1104 	0 	
501 	702 	764 	1101 	1148 	1323 	0 	0 	
629 	913 	997 	1139 	1266 	1310 	0 	0 	
507 	658 	737 	883 	938 	1183 	1348 	0 	
657 	660 	908 	925 	928 	1301 	0 	0 	
703 	891 	937 	1023 	1260 	1295 	0 	0 	
526 	559 	693 	821 	845 	1164 	0 	0 	
540 	732 	933 	1075 	1179 	1201 	0 	0 	
652 	771 	789 	905 	1020 	1155 	0 	0 	
510 	690 	769 	790 	808 	1126 	1144 	0 	
586 	698 	736 	835 	1064 	1084 	0 	0 	
537 	699 	727 	798 	1037 	1062 	0 	0 	
560 	576 	578 	780 	788 	1143 	0 	0 	
573 	580 	585 	763 	830 	1090 	0 	0 	
373 	503 	579 	784 	805 	829 	0 	0 	
257 	548 	567 	799 	820 	833 	1154 	0 	
258 	371 	524 	572 	597 	822 	0 	0 	
269 	383 	395 	592 	598 	855 	0 	0 	
255 	261 	385 	386 	398 	402 	568 	0 	
260 	378 	552 	554 	564 	814 	1102 	0 	
266 	281 	411 	587 	827 	0 	0 	0 	
267 	282 	382 	563 	588 	0 	0 	0 	
264 	265 	277 	279 	396 	421 	0 	0 	
283 	286 	381 	403 	584 	0 	0 	0 	
276 	278 	280 	392 	415 	420 	0 	0 	
284 	285 	404 	405 	416 	595 	0 	0 	
269 	275 	287 	387 	393 	413 	0 	0 	
273 	288 	388 	531 	852 	962 	0 	0 	
391 	417 	418 	419 	856 	0 	0 	0 	
270 	272 	289 	290 	412 	0 	0 	0 	
64 	65 	155 	274 	391 	406 	410 	0 	
67 	68 	140 	274 	397 	410 	593 	0 	
108 	109 	158 	276 	392 	570 	1049 	0 	
134 	157 	262 	271 	289 	412 	0 	0 	
62 	63 	156 	268 	407 	408 	414 	418 	
113 	114 	137 	161 	207 	284 	0 	0 	
5 	6 	139 	160 	206 	283 	0 	0 	
127 	128 	139 	160 	205 	277 	0 	0 	
111 	112 	137 	161 	204 	278 	0 	0 	
670 	688 	892 	944 	1245 	1250 	1278 	0 	
654 	714 	869 	899 	930 	1010 	1244 	0 	
901 	957 	1030 	1187 	1191 	1370 	0 	0 	
711 	762 	896 	943 	967 	1085 	1235 	0 	
523 	777 	880 	921 	1098 	1202 	1211 	1369 	
647 	961 	983 	1012 	1293 	1306 	0 	0 	
641 	741 	752 	940 	1224 	1360 	0 	0 	
551 	672 	920 	980 	1056 	1167 	1261 	0 	
683 	729 	923 	1024 	1025 	1355 	0 	0 	
684 	730 	919 	949 	1035 	1194 	1340 	0 	
530 	662 	745 	775 	974 	985 	1166 	0 	
697 	707 	743 	776 	1053 	1079 	0 	0 	
669 	948 	1007 	1114 	1265 	1275 	1288 	0 	
744 	759 	1045 	1131 	1251 	1280 	1290 	0 	
691 	911 	939 	1074 	1103 	1195 	0 	0 	
704 	748 	941 	994 	1077 	1273 	0 	0 	
516 	756 	768 	785 	1124 	1132 	0 	0 	
738 	797 	1033 	1042 	1118 	1254 	0 	0 	
734 	801 	934 	1004 	1088 	1299 	0 	0 	
712 	718 	749 	1009 	1029 	1054 	0 	0 	
668 	900 	977 	992 	1058 	1205 	0 	0 	
800 	825 	988 	1031 	1232 	1308 	0 	0 	
715 	794 	815 	950 	1016 	1048 	0 	0 	
709 	990 	993 	1332 	1334 	0 	0 	0 	
751 	770 	818 	965 	1081 	1083 	0 	0 	
665 	724 	953 	1040 	1051 	1333 	0 	0 	
682 	819 	1026 	1086 	1089 	0 	0 	0 	
655 	1044 	1186 	1240 	1270 	1372 	0 	0 	
634 	816 	823 	929 	1013 	1117 	0 	0 	
520 	590 	719 	851 	986 	1057 	0 	0 	
651 	836 	849 	1005 	1046 	0 	0 	0 	
792 	839 	847 	859 	1111 	0 	0 	0 	
376 	524 	536 	781 	991 	1138 	0 	0 	
374 	546 	559 	713 	755 	858 	1157 	0 	
384 	540 	661 	732 	848 	1122 	0 	0 	
378 	544 	545 	554 	802 	853 	1078 	1104 	
379 	543 	549 	550 	782 	838 	842 	0 	
389 	510 	739 	767 	790 	932 	1267 	0 	
390 	644 	789 	812 	888 	995 	0 	0 	
400 	537 	558 	589 	1062 	1121 	0 	0 	
399 	532 	557 	586 	698 	0 	0 	0 	
373 	565 	579 	580 	830 	860 	0 	0 	
380 	404 	575 	576 	595 	788 	0 	0 	
381 	573 	584 	585 	803 	840 	0 	0 	
380 	409 	576 	578 	679 	1259 	0 	0 	
395 	401 	592 	599 	861 	1119 	0 	0 	
71 	385 	386 	411 	587 	0 	0 	0 	
153 	187 	385 	398 	529 	720 	1156 	0 	
382 	394 	401 	591 	592 	855 	0 	0 	
41 	42 	184 	534 	582 	799 	833 	0 	
75 	76 	185 	371 	562 	566 	597 	0 	
69 	397 	402 	568 	593 	0 	0 	0 	
61 	188 	407 	414 	552 	564 	0 	0 	
187 	398 	402 	417 	419 	0 	0 	0 	
134 	154 	202 	395 	412 	598 	599 	0 	
158 	392 	420 	539 	807 	0 	0 	0 	
159 	191 	265 	421 	581 	831 	0 	0 	
125 	159 	191 	264 	388 	396 	0 	0 	
73 	74 	189 	281 	371 	536 	566 	827 	
43 	44 	190 	282 	534 	563 	846 	0 	
203 	391 	406 	408 	418 	0 	0 	0 	
48 	49 	186 	195 	383 	387 	413 	598 	
52 	53 	154 	198 	275 	290 	393 	412 	
134 	157 	202 	543 	810 	978 	0 	0 	
54 	55 	157 	198 	289 	290 	379 	583 	
122 	123 	196 	288 	569 	717 	962 	0 	
65 	66 	140 	199 	200 	410 	0 	0 	
51 	52 	138 	195 	270 	287 	393 	0 	
109 	110 	193 	201 	392 	415 	0 	0 	
126 	127 	160 	191 	206 	279 	396 	0 	
110 	111 	161 	193 	207 	280 	415 	0 	
135 	160 	191 	277 	403 	421 	0 	0 	
136 	161 	193 	278 	405 	420 	0 	0 	
72 	73 	189 	266 	411 	0 	0 	0 	
44 	45 	190 	267 	382 	0 	0 	0 	
6 	160 	192 	205 	286 	403 	0 	0 	
114 	161 	194 	204 	285 	405 	0 	0 	
114 	115 	194 	284 	416 	0 	0 	0 	
6 	7 	192 	283 	381 	0 	0 	0 	
50 	138 	195 	275 	413 	0 	0 	0 	
123 	124 	196 	273 	388 	0 	0 	0 	
157 	198 	202 	272 	412 	0 	0 	0 	
53 	54 	198 	270 	272 	0 	0 	0 	
871 	910 	935 	959 	1182 	1341 	1362 	0 	
664 	909 	1176 	1338 	1339 	1343 	1346 	0 	
866 	998 	1170 	1173 	1174 	1190 	1352 	0 	
868 	917 	952 	1196 	1197 	1238 	0 	0 	
869 	918 	1039 	1212 	1216 	1347 	0 	0 	
893 	1027 	1112 	1210 	1241 	1356 	0 	0 	
979 	1014 	1022 	1209 	1307 	0 	0 	0 	
521 	662 	873 	966 	999 	1171 	1214 	0 	
960 	1018 	1091 	1227 	1283 	1335 	0 	0 	
515 	668 	705 	813 	1203 	1292 	0 	0 	
879 	936 	1050 	1080 	1200 	1269 	0 	0 	
897 	956 	1109 	1178 	1358 	1364 	0 	0 	
672 	1008 	1115 	1142 	1247 	1366 	0 	0 	
971 	1034 	1128 	1180 	1313 	0 	0 	0 	
538 	695 	757 	1071 	1076 	1151 	0 	0 	
620 	900 	1000 	1055 	1116 	1228 	0 	0 	
507 	658 	680 	711 	804 	1160 	1291 	0 	
530 	540 	661 	974 	1285 	1318 	0 	0 	
527 	689 	690 	706 	773 	1125 	1168 	0 	
535 	684 	884 	1035 	1152 	1314 	1345 	0 	
533 	537 	637 	850 	1069 	1211 	0 	0 	
511 	544 	697 	708 	747 	783 	1120 	0 	
779 	791 	1113 	1165 	1169 	0 	0 	0 	
503 	635 	756 	805 	878 	970 	1284 	1330 	
656 	691 	902 	961 	1146 	1263 	1304 	0 	
718 	723 	911 	972 	1009 	1287 	1297 	0 	
506 	734 	735 	736 	877 	1233 	0 	0 	
751 	929 	965 	1175 	1198 	1361 	1367 	0 	
505 	531 	717 	728 	962 	1141 	0 	0 	
744 	746 	754 	1163 	1331 	0 	0 	0 	
686 	946 	1070 	1153 	1279 	0 	0 	0 	
742 	743 	913 	1158 	1276 	1373 	0 	0 	
663 	724 	889 	914 	1019 	1226 	1262 	0 	
551 	692 	748 	927 	1056 	1096 	0 	0 	
571 	670 	671 	944 	1127 	1255 	0 	0 	
677 	682 	766 	953 	1026 	1099 	1133 	0 	
520 	526 	659 	821 	1024 	1321 	1357 	0 	
519 	526 	693 	729 	750 	1317 	1322 	0 	
710 	759 	883 	926 	1131 	1183 	1281 	0 	
625 	758 	937 	939 	1093 	1147 	1260 	0 	
660 	681 	898 	908 	1187 	1272 	1363 	1368 	
551 	653 	657 	692 	925 	945 	1167 	1239 	
507 	700 	737 	943 	968 	1021 	1319 	0 	
687 	714 	891 	899 	904 	947 	1295 	0 	
646 	647 	733 	876 	928 	983 	1294 	0 	
703 	760 	941 	954 	1023 	1236 	1326 	0 	
522 	726 	775 	955 	1159 	0 	0 	0 	
511 	552 	776 	811 	814 	834 	1079 	0 	
535 	548 	561 	792 	862 	981 	1154 	0 	
524 	572 	793 	991 	996 	1315 	0 	0 	
649 	752 	940 	973 	1278 	1302 	1312 	0 	
525 	578 	780 	794 	950 	1059 	1259 	0 	
650 	683 	761 	762 	923 	1085 	1137 	0 	
517 	528 	652 	731 	749 	1020 	1029 	1107 	
510 	516 	696 	716 	768 	769 	0 	0 	
704 	796 	797 	994 	1042 	1162 	0 	0 	
559 	719 	753 	858 	986 	1140 	0 	0 	
503 	516 	553 	694 	784 	785 	1100 	0 	
543 	782 	810 	931 	1036 	1320 	0 	0 	
506 	555 	557 	698 	801 	844 	1088 	0 	
547 	651 	732 	774 	848 	1046 	1075 	0 	
523 	727 	777 	778 	870 	1037 	1325 	0 	
556 	558 	699 	800 	843 	988 	1121 	0 	
532 	586 	623 	835 	977 	1205 	0 	0 	
569 	717 	721 	815 	1016 	1123 	0 	0 	
539 	560 	575 	788 	807 	818 	0 	0 	
573 	581 	763 	803 	819 	831 	0 	0 	
527 	738 	808 	809 	1033 	1144 	0 	0 	
740 	771 	905 	948 	1011 	1265 	0 	0 	
555 	675 	801 	826 	922 	934 	0 	0 	
556 	674 	800 	825 	828 	1063 	0 	0 	
541 	570 	816 	817 	857 	1013 	1049 	0 	
541 	594 	676 	816 	823 	1246 	0 	0 	
579 	795 	829 	830 	1090 	1145 	0 	0 	
562 	590 	597 	806 	822 	851 	0 	0 	
525 	560 	701 	780 	1082 	1083 	1143 	0 	
574 	577 	580 	585 	840 	860 	0 	0 	
567 	582 	824 	833 	849 	0 	0 	0 	
545 	549 	550 	802 	837 	842 	0 	0 	
561 	567 	678 	820 	836 	1005 	1105 	0 	
185 	258 	266 	524 	536 	566 	0 	0 	
534 	548 	563 	799 	839 	846 	847 	0 	
183 	249 	553 	565 	579 	784 	832 	0 	
81 	82 	241 	671 	713 	755 	1129 	0 	
572 	590 	822 	1057 	1136 	0 	0 	0 	
153 	240 	536 	587 	781 	827 	982 	0 	
563 	588 	765 	839 	859 	0 	0 	0 	
188 	243 	554 	564 	596 	853 	0 	0 	
157 	244 	272 	543 	583 	838 	0 	0 	
116 	117 	250 	252 	409 	416 	576 	595 	
7 	8 	192 	251 	286 	577 	584 	840 	
45 	46 	190 	256 	282 	394 	588 	591 	
47 	48 	186 	269 	394 	855 	0 	0 	
36 	37 	242 	522 	547 	848 	1122 	0 	
153 	187 	254 	255 	386 	587 	0 	0 	
70 	71 	187 	254 	385 	568 	0 	0 	
154 	195 	269 	393 	598 	0 	0 	0 	
124 	125 	159 	196 	265 	288 	852 	0 	
17 	18 	245 	739 	767 	0 	0 	0 	
101 	102 	246 	812 	888 	0 	0 	0 	
155 	197 	199 	268 	406 	418 	419 	0 	
158 	193 	201 	263 	276 	420 	0 	0 	
154 	195 	270 	275 	387 	0 	0 	0 	
46 	47 	256 	382 	383 	855 	0 	0 	
186 	253 	262 	592 	598 	599 	0 	0 	
125 	126 	191 	265 	277 	0 	0 	0 	
68 	69 	200 	259 	593 	0 	0 	0 	
133 	187 	255 	261 	417 	1156 	0 	0 	
91 	92 	248 	532 	557 	0 	0 	0 	
25 	26 	247 	558 	589 	0 	0 	0 	
152 	253 	256 	591 	592 	861 	0 	0 	
155 	187 	259 	261 	419 	568 	593 	0 	
135 	160 	192 	279 	283 	584 	0 	0 	
136 	194 	250 	405 	575 	595 	0 	0 	
136 	161 	194 	280 	284 	404 	0 	0 	
64 	199 	268 	391 	408 	0 	0 	0 	
156 	203 	260 	414 	552 	0 	0 	0 	
63 	64 	203 	268 	406 	0 	0 	0 	
117 	118 	252 	380 	679 	0 	0 	0 	
155 	199 	200 	274 	593 	0 	0 	0 	
71 	72 	189 	254 	281 	587 	0 	0 	
154 	198 	202 	262 	270 	289 	0 	0 	
49 	50 	195 	269 	287 	0 	0 	0 	
61 	62 	203 	260 	407 	0 	0 	0 	
110 	193 	276 	278 	0 	0 	0 	0 	
115 	116 	194 	285 	380 	595 	0 	0 	
133 	197 	261 	398 	419 	856 	0 	0 	
156 	197 	203 	268 	391 	856 	0 	0 	
155 	197 	261 	391 	402 	417 	0 	0 	
136 	193 	263 	280 	392 	807 	0 	0 	
135 	191 	264 	279 	581 	0 	0 	0 	
621 	646 	876 	910 	1030 	1092 	1342 	0 	
1170 	1207 	1213 	1353 	1374 	0 	0 	0 	
637 	638 	880 	881 	1171 	1204 	1349 	0 	
1052 	1182 	1220 	1303 	1371 	0 	0 	0 	
684 	915 	919 	964 	1199 	1337 	0 	0 	
869 	1001 	1114 	1212 	1244 	1309 	0 	0 	
866 	886 	1173 	1184 	1194 	1258 	0 	0 	
681 	901 	1196 	1231 	1274 	1328 	0 	0 	
741 	752 	885 	892 	895 	1298 	1302 	0 	
703 	714 	891 	930 	1178 	1311 	0 	0 	
700 	896 	924 	1172 	1235 	1343 	0 	0 	
664 	761 	762 	909 	967 	1065 	1336 	0 	
666 	667 	715 	879 	976 	1048 	1200 	0 	
678 	916 	1179 	1230 	1339 	1376 	0 	0 	
641 	658 	680 	741 	885 	938 	0 	0 	
636 	889 	956 	1177 	1222 	1226 	0 	0 	
630 	645 	877 	935 	969 	1015 	1206 	1233 	
652 	718 	740 	905 	972 	1087 	1110 	0 	
701 	751 	987 	1081 	1186 	1198 	0 	0 	
710 	759 	903 	952 	1271 	1290 	0 	0 	
708 	747 	975 	990 	1073 	1188 	0 	0 	
633 	672 	942 	980 	1008 	1189 	1351 	0 	
668 	989 	992 	1203 	1282 	1305 	0 	0 	
643 	653 	660 	898 	920 	1223 	1261 	1272 	
771 	893 	948 	995 	1155 	1210 	1275 	0 	
906 	996 	997 	998 	1190 	1266 	0 	0 	
647 	656 	657 	945 	963 	1012 	1239 	0 	
957 	958 	959 	1185 	1362 	1365 	0 	0 	
722 	726 	775 	966 	1066 	1166 	0 	0 	
635 	677 	724 	878 	1019 	1040 	1215 	0 	
662 	754 	985 	1028 	1214 	1252 	0 	0 	
645 	675 	786 	934 	1004 	1018 	1227 	0 	
627 	641 	883 	894 	926 	1224 	1229 	1281 	
917 	921 	984 	1197 	1202 	1375 	0 	0 	
639 	725 	739 	932 	1022 	1149 	1209 	0 	
750 	804 	1002 	1025 	1150 	1291 	1317 	0 	
663 	665 	1017 	1050 	1051 	1296 	0 	0 	
705 	735 	736 	813 	1072 	1084 	0 	0 	
676 	823 	912 	1027 	1117 	1241 	0 	0 	
695 	709 	931 	978 	1071 	1320 	0 	0 	
697 	742 	747 	975 	1053 	1120 	1276 	0 	
712 	772 	1032 	1054 	1055 	1135 	0 	0 	
674 	825 	1014 	1031 	1307 	1316 	0 	0 	
1007 	1038 	1039 	1225 	1264 	1288 	0 	0 	
900 	951 	1003 	1058 	1228 	0 	0 	0 	
770 	817 	929 	965 	1013 	1043 	0 	0 	
721 	794 	1016 	1059 	1067 	0 	0 	0 	
704 	738 	760 	1041 	1042 	1236 	0 	0 	
682 	763 	795 	1060 	1089 	1090 	0 	0 	
907 	918 	1044 	1240 	1249 	1347 	0 	0 	
685 	890 	944 	960 	1250 	1255 	1283 	0 	
904 	947 	1074 	1195 	1217 	0 	0 	0 	
746 	968 	1021 	1045 	1280 	0 	0 	0 	
707 	720 	811 	1079 	1106 	1113 	0 	0 	
712 	723 	1000 	1009 	1116 	0 	0 	0 	
644 	676 	841 	888 	1006 	1027 	1112 	0 	
773 	897 	1108 	1109 	1168 	0 	0 	0 	
699 	798 	988 	1115 	1308 	0 	0 	0 	
902 	911 	1103 	1263 	1286 	1287 	0 	0 	
927 	1077 	1093 	1248 	1256 	1273 	0 	0 	
744 	754 	882 	1028 	1192 	1251 	0 	0 	
748 	796 	942 	994 	1096 	0 	0 	0 	
689 	706 	756 	970 	1132 	1284 	1300 	0 	
768 	769 	1124 	1125 	1126 	0 	0 	0 	
790 	808 	932 	1033 	1118 	1267 	0 	0 	
683 	711 	804 	1085 	1137 	1150 	1160 	0 	
778 	798 	1037 	1130 	1142 	1366 	0 	0 	
757 	764 	765 	859 	1076 	1111 	0 	0 	
705 	733 	983 	1292 	1293 	1294 	0 	0 	
707 	743 	791 	1158 	1165 	1310 	0 	0 	
702 	730 	1035 	1101 	1152 	1153 	0 	0 	
665 	667 	953 	1080 	1133 	1333 	0 	0 	
805 	829 	1145 	1329 	1330 	0 	0 	0 	
797 	872 	979 	1162 	1254 	0 	0 	0 	
779 	781 	791 	1138 	1139 	0 	0 	0 	
86 	87 	685 	1091 	1289 	1335 	0 	0 	
745 	974 	1161 	1163 	1318 	1327 	0 	0 	
766 	787 	1026 	1086 	1134 	1141 	0 	0 	
693 	845 	971 	1157 	1313 	0 	0 	0 	
170 	702 	764 	792 	981 	1111 	0 	0 	
656 	691 	758 	963 	1146 	1147 	0 	0 	
183 	314 	348 	756 	784 	785 	805 	0 	
688 	786 	960 	973 	1227 	1312 	0 	0 	
319 	715 	717 	728 	815 	0 	0 	0 	
317 	350 	698 	734 	736 	1064 	1088 	0 	
172 	307 	333 	658 	711 	737 	943 	0 	
709 	757 	993 	1148 	1151 	1323 	0 	0 	
670 	671 	713 	1034 	1127 	1128 	1129 	0 	
178 	245 	345 	716 	767 	769 	790 	0 	
312 	338 	697 	776 	783 	814 	1102 	0 	
753 	806 	851 	986 	1068 	0 	0 	0 	
20 	21 	674 	725 	1014 	1022 	1242 	0 	
787 	819 	831 	1086 	1095 	0 	0 	0 	
300 	668 	813 	835 	977 	1084 	0 	0 	
224 	345 	348 	694 	696 	768 	785 	0 	
344 	731 	789 	812 	1020 	1061 	0 	0 	
774 	824 	849 	1046 	1094 	0 	0 	0 	
328 	750 	971 	1180 	1322 	1354 	0 	0 	
237 	327 	659 	719 	821 	1057 	1164 	0 	
31 	32 	298 	722 	966 	999 	1097 	0 	
35 	36 	337 	384 	955 	1122 	1159 	0 	
212 	352 	727 	777 	1069 	1211 	0 	0 	
185 	240 	340 	371 	536 	572 	991 	0 	
148 	342 	366 	666 	780 	950 	1082 	0 	
175 	327 	328 	693 	729 	821 	1024 	0 	
309 	358 	690 	773 	809 	1144 	1219 	0 	
98 	99 	344 	749 	772 	1107 	1135 	0 	
153 	255 	720 	779 	982 	1169 	0 	0 	
218 	308 	661 	775 	974 	1159 	0 	0 	
196 	319 	787 	852 	962 	1095 	1141 	0 	
92 	93 	248 	354 	399 	586 	623 	1047 	
27 	28 	311 	589 	637 	850 	1181 	0 	
42 	43 	257 	267 	372 	799 	846 	0 	
310 	339 	862 	884 	981 	1314 	1350 	0 	
240 	266 	371 	376 	524 	827 	0 	0 	
180 	247 	311 	589 	727 	850 	1062 	1069 	
305 	695 	765 	861 	1076 	1119 	0 	0 	
158 	263 	356 	770 	807 	818 	1043 	0 	
176 	242 	308 	661 	732 	933 	1285 	0 	
106 	107 	362 	363 	594 	816 	857 	0 	
133 	156 	811 	834 	856 	1106 	0 	0 	
157 	244 	271 	349 	379 	782 	810 	0 	
169 	243 	312 	708 	783 	1078 	1104 	0 	
58 	59 	243 	369 	802 	837 	853 	0 	
80 	241 	755 	854 	858 	1140 	0 	0 	
37 	38 	351 	384 	774 	848 	0 	0 	
184 	339 	372 	792 	799 	847 	1154 	0 	
169 	244 	369 	782 	802 	842 	1104 	0 	
56 	57 	244 	369 	837 	838 	842 	0 	
215 	324 	332 	692 	1056 	1167 	0 	0 	
156 	188 	260 	338 	407 	814 	834 	0 	
348 	373 	784 	832 	863 	1100 	0 	0 	
188 	243 	378 	783 	1078 	1102 	0 	0 	
89 	90 	350 	360 	801 	826 	844 	0 	
23 	24 	353 	361 	800 	828 	843 	0 	
90 	91 	248 	350 	399 	698 	844 	0 	
24 	25 	247 	353 	400 	843 	1121 	0 	
175 	241 	347 	719 	845 	858 	1157 	1164 	
181 	356 	366 	788 	818 	1083 	1143 	0 	
150 	339 	370 	820 	862 	1105 	1154 	0 	
76 	77 	258 	365 	597 	806 	0 	0 	
190 	267 	372 	377 	588 	839 	846 	0 	
60 	61 	188 	260 	378 	596 	0 	0 	
10 	11 	249 	373 	574 	832 	860 	0 	
74 	75 	258 	266 	371 	0 	0 	0 	
184 	368 	370 	820 	833 	836 	849 	0 	
69 	70 	187 	259 	386 	402 	0 	0 	
121 	122 	273 	355 	717 	1123 	0 	0 	
107 	108 	201 	362 	857 	1049 	0 	0 	
83 	84 	325 	671 	890 	1255 	0 	0 	
185 	340 	375 	524 	793 	822 	1136 	0 	
182 	251 	357 	585 	763 	803 	0 	0 	
9 	10 	367 	565 	577 	860 	0 	0 	
136 	250 	356 	404 	788 	807 	0 	0 	
181 	250 	252 	380 	578 	788 	0 	0 	
8 	9 	367 	381 	574 	840 	0 	0 	
181 	252 	342 	576 	780 	1259 	0 	0 	
183 	249 	364 	373 	829 	830 	0 	0 	
182 	249 	367 	585 	830 	860 	0 	0 	
135 	264 	357 	421 	803 	831 	0 	0 	
40 	41 	257 	368 	824 	833 	0 	0 	
55 	56 	272 	379 	838 	0 	0 	0 	
135 	192 	251 	381 	403 	803 	0 	0 	
182 	251 	367 	573 	580 	840 	0 	0 	
179 	248 	354 	532 	698 	835 	0 	0 	
153 	189 	254 	376 	385 	411 	827 	0 	
152 	190 	377 	382 	563 	591 	765 	0 	
26 	27 	247 	400 	533 	537 	850 	0 	
237 	365 	375 	822 	851 	1057 	0 	0 	
152 	256 	382 	401 	588 	0 	0 	0 	
186 	253 	256 	395 	401 	855 	0 	0 	
155 	200 	259 	397 	402 	410 	0 	0 	
105 	106 	363 	541 	1246 	0 	0 	0 	
194 	250 	380 	404 	416 	0 	0 	0 	
59 	60 	378 	564 	853 	0 	0 	0 	
185 	258 	365 	562 	822 	0 	0 	0 	
154 	186 	262 	269 	387 	395 	0 	0 	
134 	253 	262 	395 	1119 	0 	0 	0 	
887 	924 	933 	1172 	1201 	1285 	0 	0 	
869 	907 	1010 	1177 	1216 	1222 	0 	0 	
867 	915 	919 	1174 	1208 	1340 	0 	0 	
918 	1038 	1193 	1240 	1264 	1372 	0 	0 	
884 	916 	964 	1176 	1199 	1218 	1338 	0 	
868 	903 	958 	1191 	1238 	1257 	1365 	0 	
877 	910 	1206 	1221 	1234 	1341 	1342 	0 	
873 	921 	1171 	1204 	1237 	1349 	1375 	0 	
874 	906 	1190 	1243 	1352 	1353 	0 	0 	
893 	912 	1007 	1225 	1356 	0 	0 	0 	
917 	1098 	1196 	1202 	1274 	1325 	0 	0 	
913 	998 	1173 	1184 	1266 	0 	0 	0 	
936 	987 	1186 	1268 	1269 	1270 	0 	0 	
952 	984 	1192 	1197 	1271 	0 	0 	0 	
972 	1110 	1195 	1217 	1297 	0 	0 	0 	
908 	1030 	1092 	1187 	1368 	0 	0 	0 	
1031 	1189 	1232 	1316 	1344 	1351 	0 	0 	
897 	954 	1178 	1253 	1311 	1364 	0 	0 	
909 	915 	964 	1065 	1336 	1337 	1338 	0 	
937 	941 	1023 	1248 	1273 	1326 	0 	0 	
306 	900 	992 	1000 	1282 	0 	0 	0 	
422 	910 	957 	959 	1030 	0 	0 	0 	
961 	989 	1304 	1305 	1306 	0 	0 	0 	
354 	532 	951 	1047 	1058 	1205 	0 	0 	
1021 	1131 	1183 	1280 	1348 	0 	0 	0 	
330 	904 	939 	1074 	1260 	0 	0 	0 	
892 	895 	1034 	1180 	1245 	1298 	0 	0 	
454 	894 	1185 	1229 	1303 	1359 	1371 	0 	
886 	946 	949 	1258 	1279 	1324 	0 	0 	
171 	991 	996 	997 	1138 	1139 	0 	0 	
162 	438 	935 	1015 	1052 	1182 	0 	0 	
931 	990 	1036 	1073 	1332 	0 	0 	0 	
946 	1070 	1188 	1334 	0 	0 	0 	0 	
443 	942 	980 	1056 	1096 	0 	0 	0 	
164 	236 	912 	929 	1117 	1175 	1361 	0 	
314 	451 	878 	970 	1019 	1262 	0 	0 	
167 	437 	914 	956 	1108 	1109 	1226 	0 	
311 	424 	533 	880 	881 	1181 	1211 	0 	
30 	424 	881 	999 	1097 	1171 	0 	0 	
456 	932 	979 	1118 	1209 	1254 	0 	0 	
1039 	1114 	1212 	1288 	0 	0 	0 	0 	
214 	436 	454 	741 	883 	938 	1224 	0 	
96 	1003 	1032 	1055 	1228 	0 	0 	0 	
445 	920 	1130 	1223 	1247 	1366 	0 	0 	
246 	477 	888 	995 	1112 	1210 	0 	0 	
162 	438 	453 	786 	969 	1004 	1015 	1299 	
335 	422 	876 	928 	1092 	1301 	0 	0 	
213 	335 	448 	657 	928 	983 	1012 	0 	
1024 	1207 	1213 	1355 	1357 	0 	0 	0 	
162 	341 	940 	973 	1052 	1220 	0 	0 	
132 	343 	761 	923 	1207 	1277 	1374 	0 	
238 	351 	1005 	1046 	1075 	1179 	1230 	0 	
177 	344 	439 	905 	1020 	1029 	1087 	0 	
332 	445 	660 	925 	1167 	1261 	0 	0 	
209 	930 	956 	1010 	1222 	1358 	0 	0 	
235 	936 	1017 	1044 	1249 	1270 	1296 	0 	
315 	448 	502 	961 	963 	1012 	1146 	0 	
173 	332 	448 	647 	925 	928 	1239 	0 	
172 	307 	436 	507 	680 	938 	0 	0 	
149 	327 	520 	1057 	1136 	1321 	0 	0 	
173 	331 	445 	653 	908 	925 	1272 	0 	
242 	308 	530 	540 	1122 	1159 	0 	0 	
218 	298 	452 	966 	985 	1166 	1214 	0 	
129 	323 	458 	724 	889 	1017 	1051 	0 	
292 	433 	909 	967 	1235 	1343 	0 	0 	
233 	458 	493 	1050 	1051 	1080 	1333 	0 	
148 	434 	525 	879 	950 	1048 	0 	0 	
168 	434 	493 	976 	1080 	1133 	1200 	0 	
228 	300 	444 	515 	977 	992 	1203 	0 	
220 	1001 	1011 	1114 	1265 	0 	0 	0 	
208 	325 	509 	944 	1034 	1127 	1245 	0 	
82 	83 	325 	374 	509 	571 	1127 	1129 	
215 	303 	443 	920 	980 	1008 	1247 	0 	
1008 	1115 	1232 	1308 	1351 	0 	0 	0 	
361 	464 	513 	825 	1014 	1063 	1242 	0 	
360 	453 	922 	934 	1018 	1289 	1335 	0 	
363 	460 	477 	823 	1006 	1027 	1246 	0 	
151 	326 	451 	953 	1040 	1099 	1215 	0 	
150 	370 	435 	916 	1005 	1105 	1230 	0 	
118 	119 	252 	409 	1059 	1067 	1259 	0 	
145 	307 	436 	658 	885 	1002 	1291 	0 	
146 	331 	429 	898 	901 	1231 	1363 	0 	
234 	326 	470 	1026 	1060 	1089 	1099 	0 	
216 	343 	487 	923 	1025 	1137 	1150 	0 	
217 	310 	426 	919 	1035 	1199 	1345 	0 	
85 	86 	472 	497 	890 	1091 	1283 	0 	
321 	993 	1070 	1101 	1153 	1323 	0 	0 	
144 	334 	899 	947 	1001 	1309 	0 	0 	
208 	504 	960 	1250 	1278 	1312 	0 	0 	
309 	484 	706 	1108 	1168 	1300 	0 	0 	
178 	309 	527 	1125 	1126 	1144 	0 	0 	
222 	315 	502 	939 	1103 	1146 	1147 	1263 	
130 	324 	332 	551 	927 	945 	0 	0 	
175 	328 	500 	526 	845 	971 	1322 	0 	
13 	14 	348 	516 	696 	1100 	0 	0 	
134 	305 	461 	538 	978 	1071 	1119 	0 	
14 	15 	345 	516 	694 	716 	0 	0 	
219 	312 	462 	511 	776 	1053 	1120 	0 	
179 	248 	350 	506 	557 	586 	1064 	0 	
180 	353 	479 	798 	988 	1062 	1121 	0 	
147 	333 	432 	896 	924 	968 	1319 	0 	
148 	366 	440 	987 	1081 	1082 	1083 	0 	
170 	492 	501 	981 	1101 	1152 	1314 	0 	
174 	336 	431 	891 	954 	1023 	1311 	0 	
223 	346 	469 	941 	994 	1042 	1236 	0 	
300 	459 	490 	733 	813 	1072 	1292 	0 	
309 	484 	689 	1124 	1125 	1132 	0 	0 	
219 	475 	491 	743 	1079 	1113 	1165 	0 	
169 	312 	442 	544 	747 	1073 	0 	0 	
231 	461 	508 	931 	993 	1071 	1151 	1332 	
131 	329 	441 	759 	903 	926 	1257 	0 	
211 	307 	487 	507 	943 	1085 	1160 	0 	
227 	463 	476 	1009 	1054 	1055 	1116 	0 	
241 	374 	509 	1128 	1129 	1157 	1313 	0 	
209 	334 	431 	891 	899 	930 	0 	0 	
230 	434 	505 	728 	815 	976 	1048 	0 	
15 	16 	345 	510 	696 	767 	0 	0 	
273 	319 	355 	505 	569 	815 	962 	0 	
227 	316 	439 	972 	1009 	1029 	1087 	0 	
237 	347 	520 	559 	986 	1164 	0 	0 	
255 	475 	529 	1106 	1113 	1156 	1169 	0 	
120 	121 	355 	468 	1016 	1067 	1123 	0 	
32 	33 	450 	521 	966 	1066 	0 	0 	
165 	316 	476 	1000 	1009 	1286 	1287 	0 	
233 	323 	451 	663 	1019 	1040 	1051 	0 	
19 	20 	456 	513 	1022 	1149 	0 	0 	
34 	337 	450 	775 	955 	1066 	0 	0 	
180 	352 	523 	537 	1037 	1069 	0 	0 	
168 	319 	505 	715 	976 	1134 	1141 	0 	
216 	328 	526 	1024 	1025 	1317 	0 	0 	
217 	492 	949 	1035 	1153 	1279 	0 	0 	
100 	344 	517 	1061 	1107 	0 	0 	0 	
176 	242 	351 	540 	848 	1075 	0 	0 	
143 	335 	490 	705 	876 	1072 	1294 	0 	
226 	317 	506 	969 	1088 	1233 	1299 	0 	
143 	317 	459 	736 	877 	1072 	1234 	0 	
179 	317 	459 	506 	735 	1064 	1084 	0 	
172 	333 	507 	1021 	1348 	0 	0 	0 	
225 	358 	469 	809 	1033 	1041 	1042 	0 	
18 	19 	245 	389 	456 	932 	1149 	0 	
144 	359 	439 	905 	1011 	1110 	0 	0 	
214 	430 	436 	641 	752 	885 	0 	0 	
141 	322 	462 	886 	975 	1276 	1324 	1373 	
219 	322 	491 	707 	1053 	1158 	1276 	0 	
221 	320 	482 	746 	754 	1045 	1251 	0 	
218 	498 	974 	985 	1163 	1331 	0 	0 	
147 	320 	474 	744 	968 	1045 	1161 	1163 	
312 	442 	462 	708 	975 	1120 	0 	0 	
223 	324 	483 	927 	994 	1077 	1096 	0 	
227 	344 	528 	1029 	1054 	1135 	0 	0 	
145 	328 	457 	519 	1002 	1317 	1354 	0 	
232 	318 	440 	965 	1081 	1198 	0 	0 	
214 	341 	430 	741 	940 	1302 	0 	0 	
78 	79 	347 	512 	986 	1068 	1140 	0 	
320 	452 	482 	744 	985 	1028 	1331 	0 	
80 	81 	241 	374 	546 	0 	0 	0 	
224 	314 	484 	503 	785 	1132 	1284 	0 	
305 	489 	508 	764 	1076 	1148 	1151 	0 	
130 	330 	502 	963 	1093 	1147 	1256 	0 	
221 	329 	441 	710 	1131 	1290 	0 	0 	
142 	336 	469 	954 	1041 	1236 	1253 	0 	
132 	343 	433 	650 	762 	1065 	0 	0 	
211 	343 	433 	761 	967 	1085 	0 	0 	
182 	357 	470 	573 	819 	1089 	1090 	0 	
170 	489 	501 	757 	1111 	1148 	0 	0 	
152 	377 	489 	538 	588 	859 	861 	1076 	
168 	326 	499 	1026 	1133 	1134 	0 	0 	
16 	17 	245 	389 	510 	716 	0 	0 	
224 	345 	485 	516 	769 	1124 	0 	0 	
178 	345 	485 	510 	768 	1126 	0 	0 	
232 	467 	539 	818 	965 	1043 	0 	0 	
177 	359 	446 	905 	948 	1155 	0 	0 	
97 	98 	463 	528 	1032 	1135 	0 	0 	
309 	478 	527 	897 	1168 	1219 	0 	0 	
38 	351 	518 	547 	1046 	1094 	0 	0 	
218 	337 	450 	530 	726 	1159 	1166 	0 	
219 	338 	511 	697 	1079 	0 	0 	0 	
212 	352 	523 	1098 	1325 	0 	0 	0 	
146 	352 	488 	870 	1037 	1130 	0 	0 	
313 	496 	529 	781 	791 	982 	1169 	0 	
181 	342 	366 	525 	578 	1143 	0 	0 	
240 	376 	496 	779 	982 	1138 	0 	0 	
169 	244 	349 	543 	549 	1036 	0 	0 	
312 	511 	544 	554 	1078 	1102 	0 	0 	
183 	348 	373 	503 	553 	0 	0 	0 	
224 	348 	503 	516 	756 	0 	0 	0 	
162 	453 	504 	645 	973 	1227 	0 	0 	
499 	514 	531 	1086 	1095 	1141 	0 	0 	
181 	250 	356 	560 	575 	576 	0 	0 	
177 	246 	517 	812 	995 	1020 	1155 	0 	
178 	245 	486 	510 	808 	1267 	0 	0 	
313 	491 	496 	779 	1139 	1165 	1310 	0 	
239 	339 	501 	548 	847 	981 	1111 	0 	
149 	340 	572 	906 	1136 	1315 	0 	0 	
230 	342 	468 	950 	1016 	1059 	0 	0 	
151 	364 	470 	1060 	1090 	1145 	1329 	0 	
163 	346 	483 	942 	994 	1162 	0 	0 	
225 	346 	495 	1042 	1162 	1254 	0 	0 	
180 	479 	488 	699 	1037 	1115 	1142 	0 	
184 	257 	372 	534 	548 	0 	0 	0 	
229 	353 	361 	556 	825 	988 	0 	0 	
226 	350 	360 	555 	934 	1088 	0 	0 	
243 	369 	545 	549 	1104 	0 	0 	0 	
135 	251 	357 	573 	581 	584 	0 	0 	
307 	457 	487 	1150 	1160 	1291 	0 	0 	
183 	314 	494 	503 	829 	1330 	0 	0 	
77 	365 	512 	562 	851 	1068 	0 	0 	
136 	263 	356 	420 	539 	575 	0 	0 	
178 	358 	486 	790 	1033 	1144 	0 	0 	
142 	358 	527 	738 	1041 	1219 	0 	0 	
271 	349 	543 	978 	1320 	0 	0 	0 	
338 	475 	542 	834 	1079 	1106 	0 	0 	
101 	246 	390 	517 	789 	1061 	0 	0 	
300 	459 	515 	705 	1084 	0 	0 	0 	
188 	338 	511 	552 	1102 	0 	0 	0 	
230 	355 	505 	715 	717 	1016 	0 	0 	
236 	362 	363 	541 	823 	1013 	0 	0 	
158 	362 	467 	1013 	1043 	1049 	0 	0 	
232 	356 	539 	560 	770 	1083 	0 	0 	
234 	357 	514 	763 	831 	1086 	1089 	0 	
184 	370 	561 	567 	1154 	0 	0 	0 	
175 	327 	520 	526 	1164 	0 	0 	0 	
185 	365 	375 	572 	590 	597 	0 	0 	
236 	363 	460 	676 	816 	1117 	0 	0 	
39 	40 	368 	518 	582 	849 	1094 	0 	
229 	361 	464 	674 	800 	1031 	0 	0 	
88 	89 	360 	555 	922 	0 	0 	0 	
189 	266 	376 	536 	587 	0 	0 	0 	
22 	23 	361 	556 	1063 	0 	0 	0 	
183 	364 	494 	579 	805 	1145 	0 	0 	
182 	249 	364 	579 	580 	1090 	0 	0 	
159 	264 	357 	514 	581 	819 	1095 	0 	
11 	12 	373 	553 	565 	863 	0 	0 	
184 	257 	368 	567 	582 	0 	0 	0 	
156 	338 	542 	552 	811 	0 	0 	0 	
179 	354 	515 	586 	977 	1084 	0 	0 	
238 	370 	567 	849 	1005 	0 	0 	0 	
57 	58 	369 	545 	550 	0 	0 	0 	
56 	244 	379 	550 	583 	0 	0 	0 	
239 	372 	377 	563 	847 	859 	0 	0 	
251 	367 	381 	577 	585 	0 	0 	0 	
103 	104 	477 	888 	1006 	0 	0 	0 	
244 	369 	549 	550 	0 	0 	0 	0 	
24 	353 	556 	558 	0 	0 	0 	0 	
90 	350 	555 	557 	0 	0 	0 	0 	
175 	500 	559 	693 	1157 	0 	0 	0 	
267 	372 	534 	563 	0 	0 	0 	0 	
239 	372 	548 	792 	839 	0 	0 	0 	
242 	351 	384 	547 	732 	0 	0 	0 	
238 	368 	518 	567 	824 	836 	1046 	0 	
311 	533 	537 	589 	0 	0 	0 	0 	
237 	365 	512 	590 	806 	986 	0 	0 	
159 	196 	388 	531 	1095 	0 	0 	0 	
59 	243 	378 	545 	596 	0 	0 	0 	
79 	80 	546 	1140 	0 	0 	0 	0 	
186 	256 	383 	394 	592 	0 	0 	0 	
133 	156 	197 	417 	418 	542 	0 	0 	
107 	362 	541 	570 	0 	0 	0 	0 	
241 	347 	546 	559 	1140 	0 	0 	0 	
239 	377 	489 	765 	839 	1111 	0 	0 	
249 	367 	565 	574 	580 	0 	0 	0 	
152 	253 	401 	538 	765 	1119 	0 	0 	
150 	339 	535 	561 	1350 	0 	0 	0 	
12 	13 	553 	832 	1100 	0 	0 	0 	
1186 	1193 	1198 	1367 	1372 	0 	0 	0 	
1172 	1201 	1339 	1346 	1376 	0 	0 	0 	
293 	428 	1173 	1174 	1194 	1340 	0 	0 	
602 	1170 	1174 	1208 	1277 	1374 	0 	0 	
294 	605 	1191 	1196 	1238 	1328 	1370 	0 	
209 	295 	427 	601 	1010 	1212 	1216 	1244 	
146 	352 	778 	1231 	1274 	1325 	0 	0 	
291 	1182 	1185 	1362 	1371 	0 	0 	0 	
163 	495 	979 	1162 	1307 	1316 	1344 	0 	
166 	298 	607 	1171 	1214 	1237 	1252 	0 	
149 	608 	1213 	1243 	1321 	1353 	1357 	0 	
1203 	1292 	1293 	1305 	1306 	0 	0 	0 	
143 	335 	422 	646 	733 	1221 	1342 	0 	
317 	438 	606 	735 	1206 	1233 	1234 	0 	
151 	314 	451 	635 	1215 	1329 	1330 	0 	
148 	301 	434 	666 	1200 	1268 	1269 	0 	
212 	424 	637 	1204 	1211 	1369 	0 	0 	
29 	30 	424 	637 	638 	1181 	0 	0 	
482 	1192 	1251 	1271 	1290 	0 	0 	0 	
172 	329 	454 	641 	938 	1183 	1281 	0 	
310 	535 	604 	1199 	1218 	1345 	1350 	0 	
145 	430 	436 	680 	741 	895 	0 	0 	
428 	628 	742 	1184 	1258 	1324 	1373 	0 	
600 	924 	1285 	1318 	1327 	0 	0 	0 	
102 	103 	246 	390 	477 	644 	841 	0 	
129 	323 	437 	663 	1177 	1226 	0 	0 	
84 	85 	472 	571 	685 	1255 	0 	0 	
174 	334 	431 	703 	714 	1295 	0 	0 	
208 	430 	626 	1245 	1278 	1298 	1302 	0 	
296 	446 	609 	1007 	1210 	1275 	1356 	0 	
454 	627 	1224 	1303 	1360 	0 	0 	0 	
145 	430 	626 	885 	1180 	1298 	1354 	0 	
211 	432 	700 	943 	1235 	1319 	0 	0 	
302 	478 	617 	773 	1109 	1219 	1253 	1364 	
146 	331 	445 	681 	1223 	1272 	0 	0 	
209 	334 	687 	714 	1244 	1309 	0 	0 	
228 	306 	466 	620 	992 	1058 	1228 	0 	
210 	429 	681 	1187 	1328 	1363 	1370 	0 	
165 	315 	480 	989 	1263 	1286 	1304 	0 	
441 	605 	710 	952 	1238 	1257 	0 	0 	
334 	473 	625 	947 	1074 	1260 	1295 	0 	
177 	359 	439 	652 	740 	771 	0 	0 	
149 	447 	608 	793 	996 	1190 	1243 	1315 	
129 	471 	601 	1177 	1216 	1249 	1347 	0 	
173 	331 	615 	660 	1092 	1301 	1368 	0 	
292 	433 	618 	664 	1336 	1338 	0 	0 	
291 	422 	606 	621 	959 	1341 	1342 	0 	
222 	316 	480 	1103 	1195 	1287 	1297 	0 	
164 	460 	609 	634 	1117 	1225 	1241 	1356 	
171 	322 	611 	1158 	1184 	1266 	1310 	1373 	
167 	323 	636 	1226 	1262 	0 	0 	0 	
132 	426 	602 	618 	919 	1065 	1208 	1337 	
150 	435 	604 	678 	1176 	1218 	1339 	0 	
294 	455 	610 	1196 	1197 	1202 	0 	0 	
295 	471 	603 	1039 	1240 	1264 	1347 	0 	
217 	426 	602 	684 	915 	1340 	0 	0 	
215 	445 	643 	672 	1247 	1261 	0 	0 	
212 	455 	607 	1202 	1204 	1369 	1375 	0 	
87 	88 	360 	675 	826 	1289 	0 	0 	
216 	343 	650 	683 	1207 	1355 	0 	0 	
147 	432 	600 	700 	887 	1172 	1327 	0 	
173 	332 	653 	657 	660 	0 	0 	0 	
131 	329 	454 	710 	1229 	1281 	0 	0 	
130 	324 	481 	692 	748 	1077 	1256 	0 	
173 	335 	646 	647 	657 	1301 	0 	0 	
236 	318 	467 	634 	965 	1013 	1361 	0 	
209 	431 	654 	714 	1178 	1358 	0 	0 	
349 	461 	631 	709 	1036 	1320 	1332 	0 	
245 	456 	486 	639 	739 	1118 	1267 	0 	
176 	540 	600 	1201 	1285 	0 	0 	0 	
226 	360 	453 	675 	801 	1004 	0 	0 	
291 	438 	630 	1182 	1206 	1341 	0 	0 	
301 	612 	655 	1050 	1269 	1270 	1296 	0 	
174 	330 	619 	1023 	1093 	1248 	1260 	0 	
172 	436 	641 	658 	883 	0 	0 	0 	
222 	330 	625 	691 	1074 	1147 	0 	0 	
214 	341 	649 	752 	1220 	1360 	0 	0 	
223 	336 	619 	704 	1236 	1273 	1326 	0 	
163 	443 	483 	633 	796 	1096 	1189 	0 	
211 	333 	507 	711 	896 	1319 	0 	0 	
208 	325 	472 	670 	1250 	1255 	0 	0 	
130 	332 	448 	692 	963 	1239 	0 	0 	
141 	321 	628 	632 	1070 	1188 	1279 	1324 	
144 	334 	473 	687 	904 	1217 	0 	0 	
220 	359 	446 	771 	1265 	1275 	0 	0 	
217 	628 	730 	1194 	1258 	1279 	0 	0 	
230 	342 	525 	666 	794 	1048 	0 	0 	
94 	95 	466 	623 	1003 	1047 	1058 	0 	
294 	441 	613 	903 	1197 	1238 	1271 	0 	
233 	326 	493 	677 	1040 	1133 	1333 	0 	
336 	617 	703 	760 	1253 	1311 	0 	0 	
34 	35 	337 	522 	726 	0 	0 	0 	
302 	437 	636 	654 	1109 	1222 	1358 	0 	
210 	449 	621 	959 	1030 	1191 	1365 	0 	
131 	449 	605 	1185 	1257 	1359 	1365 	0 	
291 	449 	621 	910 	957 	1362 	0 	0 	
299 	472 	504 	688 	1227 	1250 	1283 	0 	
213 	315 	622 	656 	1012 	1304 	1306 	0 	
196 	273 	319 	531 	717 	0 	0 	0 	
130 	448 	502 	656 	758 	945 	0 	0 	
426 	604 	618 	1199 	1337 	1338 	0 	0 	
232 	318 	467 	751 	770 	929 	0 	0 	
298 	450 	521 	662 	722 	1166 	0 	0 	
211 	433 	664 	762 	1235 	0 	0 	0 	
147 	333 	474 	700 	746 	1021 	0 	0 	
438 	645 	734 	1233 	1299 	0 	0 	0 	
167 	314 	484 	635 	1262 	1284 	1300 	0 	
304 	500 	519 	693 	1180 	1313 	1322 	0 	
316 	439 	614 	718 	1110 	1297 	0 	0 	
162 	341 	504 	649 	786 	1312 	0 	0 	
218 	308 	498 	530 	745 	1318 	0 	0 	
141 	442 	462 	742 	747 	1188 	0 	0 	
168 	434 	667 	715 	728 	0 	0 	0 	
228 	354 	515 	668 	835 	1205 	0 	0 	
134 	271 	461 	695 	810 	1320 	0 	0 	
297 	495 	639 	872 	1209 	1254 	1307 	0 	
215 	443 	633 	672 	1056 	0 	0 	0 	
339 	501 	535 	702 	792 	1314 	0 	0 	
153 	376 	529 	779 	781 	0 	0 	0 	
213 	335 	490 	647 	1293 	1294 	0 	0 	
166 	455 	613 	1192 	1197 	1237 	1375 	0 	
218 	452 	662 	745 	754 	1331 	0 	0 	
237 	347 	512 	719 	753 	851 	0 	0 	
148 	440 	612 	701 	1186 	1268 	0 	0 	
229 	353 	479 	699 	800 	1308 	0 	0 	
165 	444 	622 	902 	1282 	1304 	1305 	0 	
231 	442 	631 	1073 	1188 	1332 	1334 	0 	
240 	340 	524 	629 	996 	1138 	0 	0 	
228 	444 	620 	668 	900 	1282 	0 	0 	
231 	508 	686 	709 	1070 	1323 	1334 	0 	
223 	346 	483 	704 	748 	796 	0 	0 	
246 	446 	644 	789 	1155 	1210 	0 	0 	
340 	447 	629 	906 	991 	997 	1315 	0 	
171 	447 	629 	996 	1266 	0 	0 	0 	
293 	447 	611 	1173 	1190 	1266 	0 	0 	
298 	521 	638 	1097 	1171 	0 	0 	0 	
165 	306 	476 	620 	723 	1116 	1282 	0 	
144 	427 	669 	687 	1011 	1114 	1309 	0 	
145 	457 	680 	750 	1291 	0 	0 	0 	
95 	96 	466 	642 	951 	1228 	0 	0 	
226 	453 	645 	934 	1299 	0 	0 	0 	
238 	370 	651 	678 	836 	1230 	0 	0 	
104 	105 	477 	676 	841 	1246 	0 	0 	
220 	465 	609 	893 	1225 	1275 	1288 	0 	
303 	443 	672 	673 	1115 	1351 	0 	0 	
227 	316 	476 	712 	718 	723 	0 	0 	
209 	601 	654 	869 	1222 	0 	0 	0 	
144 	359 	669 	740 	1001 	1265 	0 	0 	
213 	448 	647 	656 	961 	0 	0 	0 	
236 	362 	467 	816 	817 	929 	0 	0 	
297 	464 	513 	674 	1022 	1307 	0 	0 	
162 	438 	630 	645 	0 	0 	0 	0 	
230 	355 	468 	721 	794 	815 	0 	0 	
129 	458 	655 	663 	1249 	1296 	0 	0 	
299 	453 	675 	1227 	1335 	0 	0 	0 	
323 	451 	635 	724 	1262 	0 	0 	0 	
177 	344 	517 	652 	789 	0 	0 	0 	
333 	474 	624 	737 	968 	1280 	1348 	0 	
297 	456 	513 	725 	1014 	1209 	0 	0 	
174 	336 	619 	703 	937 	1326 	0 	0 	
216 	327 	526 	648 	729 	1355 	1357 	0 	
216 	457 	683 	729 	1150 	1317 	0 	0 	
234 	326 	499 	682 	766 	1086 	0 	0 	
296 	460 	477 	676 	1112 	1241 	0 	0 	
166 	452 	482 	754 	1192 	1252 	0 	0 	
227 	344 	652 	718 	749 	1087 	0 	0 	
210 	422 	615 	621 	957 	1092 	1187 	0 	
229 	464 	616 	825 	1232 	1316 	0 	0 	
96 	97 	463 	642 	772 	1055 	0 	0 	
225 	358 	486 	738 	808 	1118 	0 	0 	
304 	509 	626 	670 	1128 	1180 	1245 	0 	
217 	310 	492 	684 	730 	1152 	0 	0 	
169 	349 	631 	782 	931 	1073 	0 	0 	
180 	352 	488 	727 	778 	798 	0 	0 	
164 	465 	603 	1193 	1225 	1264 	0 	0 	
295 	465 	640 	918 	1212 	1264 	1288 	0 	
233 	451 	677 	724 	953 	0 	0 	0 	
142 	469 	738 	760 	809 	0 	0 	0 	
225 	346 	469 	704 	738 	797 	0 	0 	
158 	467 	539 	770 	817 	0 	0 	0 	
235 	471 	655 	1240 	1249 	0 	0 	0 	
221 	474 	744 	746 	1280 	0 	0 	0 	
238 	351 	518 	651 	774 	849 	0 	0 	
93 	94 	532 	623 	951 	0 	0 	0 	
230 	434 	666 	715 	950 	0 	0 	0 	
158 	201 	362 	570 	817 	0 	0 	0 	
301 	458 	665 	936 	1080 	1296 	0 	0 	
233 	458 	663 	665 	724 	0 	0 	0 	
162 	425 	630 	649 	1182 	1220 	0 	0 	
219 	462 	697 	743 	1276 	0 	0 	0 	
227 	463 	712 	749 	1135 	0 	0 	0 	
306 	463 	642 	712 	1032 	1116 	1228 	0 	
215 	324 	551 	633 	980 	1096 	0 	0 	
237 	375 	520 	590 	659 	1136 	0 	0 	
228 	466 	623 	900 	951 	1205 	0 	0 	
342 	468 	679 	794 	1067 	1259 	0 	0 	
151 	470 	682 	795 	1099 	0 	0 	0 	
100 	101 	517 	731 	812 	0 	0 	0 	
180 	247 	537 	699 	1121 	0 	0 	0 	
21 	22 	361 	674 	828 	1242 	0 	0 	
179 	506 	698 	736 	0 	0 	0 	0 	
132 	433 	618 	761 	915 	1336 	0 	0 	
33 	34 	450 	722 	726 	0 	0 	0 	
119 	120 	468 	679 	721 	1059 	0 	0 	
77 	78 	512 	753 	806 	0 	0 	0 	
311 	523 	537 	727 	1211 	0 	0 	0 	
321 	632 	686 	946 	993 	1334 	0 	0 	
305 	461 	695 	709 	1151 	0 	0 	0 	
143 	459 	705 	733 	735 	0 	0 	0 	
169 	442 	631 	708 	990 	1036 	0 	0 	
222 	473 	625 	904 	939 	1195 	0 	0 	
176 	351 	651 	732 	1179 	0 	0 	0 	
305 	489 	538 	757 	765 	0 	0 	0 	
223 	481 	748 	927 	1273 	0 	0 	0 	
243 	544 	554 	783 	0 	0 	0 	0 	
219 	338 	475 	707 	776 	811 	0 	0 	
301 	493 	665 	667 	1050 	1200 	0 	0 	
232 	440 	701 	751 	1083 	0 	0 	0 	
148 	366 	525 	701 	0 	0 	0 	0 	
232 	366 	560 	701 	818 	1081 	0 	0 	
179 	459 	515 	736 	813 	835 	0 	0 	
211 	343 	487 	711 	762 	1137 	0 	0 	
234 	499 	514 	787 	819 	1026 	0 	0 	
439 	652 	718 	1029 	0 	0 	0 	0 	
226 	350 	506 	734 	801 	0 	0 	0 	
234 	470 	682 	763 	819 	0 	0 	0 	
182 	364 	470 	763 	795 	830 	0 	0 	
299 	497 	685 	1283 	1335 	0 	0 	0 	
422 	615 	646 	908 	1030 	1301 	0 	0 	
330 	481 	758 	937 	1248 	1256 	0 	0 	
38 	39 	518 	774 	824 	0 	0 	0 	
159 	514 	531 	787 	831 	852 	0 	0 	
324 	483 	633 	748 	942 	1056 	0 	0 	
30 	31 	521 	638 	999 	0 	0 	0 	
212 	610 	777 	1202 	1325 	0 	0 	0 	
151 	326 	677 	682 	1060 	0 	0 	0 	
13 	348 	553 	694 	863 	0 	0 	0 	
170 	492 	686 	702 	1153 	1323 	0 	0 	
188 	511 	554 	783 	814 	0 	0 	0 	
222 	480 	691 	911 	1263 	0 	0 	0 	
169 	243 	544 	549 	802 	0 	0 	0 	
150 	370 	561 	678 	0 	0 	0 	0 	
133 	475 	542 	720 	811 	1156 	0 	0 	
99 	100 	344 	528 	731 	0 	0 	0 	
167 	478 	636 	689 	1109 	1168 	1300 	0 	
302 	478 	636 	897 	956 	1108 	0 	0 	
144 	439 	614 	740 	972 	1217 	0 	0 	
239 	489 	501 	764 	792 	859 	0 	0 	
296 	477 	644 	1027 	1210 	0 	0 	0 	
313 	475 	707 	720 	1165 	1169 	0 	0 	
220 	427 	640 	669 	1001 	1212 	1288 	0 	
303 	479 	673 	798 	1008 	1142 	1308 	0 	
306 	476 	712 	1000 	1055 	0 	0 	0 	
236 	460 	634 	823 	912 	0 	0 	0 	
225 	486 	639 	932 	1033 	1254 	0 	0 	
134 	253 	538 	599 	695 	861 	0 	0 	
312 	462 	697 	747 	0 	0 	0 	0 	
247 	353 	558 	699 	1062 	0 	0 	0 	
242 	384 	522 	661 	1159 	0 	0 	0 	
121 	355 	569 	721 	0 	0 	0 	0 	
224 	485 	706 	768 	1125 	1132 	0 	0 	
309 	485 	690 	706 	1124 	1126 	0 	0 	
178 	485 	690 	769 	1125 	0 	0 	0 	
325 	509 	670 	671 	0 	0 	0 	0 	
304 	509 	713 	1034 	1313 	0 	0 	0 	
374 	509 	671 	713 	0 	0 	0 	0 	
146 	488 	643 	778 	1223 	1366 	0 	0 	
221 	329 	624 	759 	1183 	1280 	0 	0 	
224 	484 	706 	756 	1124 	0 	0 	0 	
168 	326 	493 	667 	766 	953 	0 	0 	
168 	499 	728 	766 	1141 	0 	0 	0 	
463 	528 	749 	772 	1054 	0 	0 	0 	
149 	375 	572 	659 	793 	1057 	0 	0 	
343 	487 	683 	1085 	0 	0 	0 	0 	
240 	496 	629 	781 	991 	1139 	0 	0 	
171 	496 	629 	791 	1138 	1310 	0 	0 	
79 	347 	546 	753 	854 	858 	0 	0 	
319 	499 	531 	728 	787 	1134 	0 	0 	
303 	488 	798 	1115 	1366 	0 	0 	0 	
181 	366 	560 	780 	0 	0 	0 	0 	
178 	358 	527 	690 	808 	0 	0 	0 	
364 	494 	795 	829 	1329 	0 	0 	0 	
315 	502 	656 	691 	0 	0 	0 	0 	
330 	502 	691 	758 	939 	0 	0 	0 	
170 	508 	757 	764 	1323 	0 	0 	0 	
19 	456 	725 	739 	0 	0 	0 	0 	
457 	487 	683 	804 	1025 	0 	0 	0 	
305 	508 	709 	757 	1071 	0 	0 	0 	
310 	492 	702 	1035 	1314 	0 	0 	0 	
321 	492 	686 	730 	1101 	1279 	0 	0 	
184 	339 	548 	561 	820 	0 	0 	0 	
177 	446 	771 	789 	995 	0 	0 	0 	
133 	255 	398 	720 	1106 	0 	0 	0 	
241 	500 	559 	713 	845 	1313 	0 	0 	
322 	491 	743 	913 	1310 	0 	0 	0 	
337 	522 	530 	661 	775 	1122 	0 	0 	
307 	487 	711 	804 	0 	0 	0 	0 	
147 	498 	746 	1163 	1327 	0 	0 	0 	
163 	346 	495 	796 	797 	872 	0 	0 	
320 	498 	745 	746 	1161 	1331 	0 	0 	
175 	520 	559 	719 	821 	0 	0 	0 	
313 	491 	707 	791 	1113 	0 	0 	0 	
218 	450 	662 	775 	966 	0 	0 	0 	
215 	332 	551 	653 	1261 	0 	0 	0 	
309 	478 	689 	773 	1108 	0 	0 	0 	
313 	529 	720 	779 	1113 	0 	0 	0 	
293 	423 	867 	1174 	1352 	1353 	1374 	0 	
298 	424 	607 	638 	873 	999 	1349 	0 	
432 	600 	865 	924 	1201 	1343 	1346 	0 	
293 	428 	611 	866 	998 	1184 	0 	0 	
293 	602 	866 	867 	1170 	1340 	0 	0 	
164 	318 	634 	1193 	1361 	1367 	0 	0 	
292 	604 	916 	1338 	1339 	0 	0 	0 	
129 	437 	601 	889 	907 	1222 	0 	0 	
302 	431 	617 	930 	1311 	1358 	1364 	0 	
176 	435 	651 	1075 	1201 	1230 	1376 	0 	
304 	519 	626 	895 	971 	1034 	1354 	0 	
28 	29 	533 	637 	881 	0 	0 	0 	
291 	425 	630 	871 	935 	1052 	1371 	0 	
172 	329 	624 	883 	1131 	1348 	0 	0 	
428 	611 	886 	913 	1173 	1373 	0 	0 	
449 	627 	871 	958 	1359 	1362 	1371 	0 	
235 	440 	612 	864 	987 	1198 	1270 	1372 	
210 	331 	615 	901 	1030 	1363 	1368 	0 	
141 	442 	632 	946 	975 	990 	1334 	0 	
163 	443 	616 	942 	1344 	1351 	0 	0 	
293 	447 	608 	906 	998 	1352 	0 	0 	
210 	605 	868 	957 	1365 	1370 	0 	0 	
166 	482 	613 	882 	984 	1028 	1271 	0 	
164 	603 	864 	1038 	1175 	1367 	1372 	0 	
217 	428 	866 	949 	1258 	1340 	0 	0 	
222 	473 	614 	911 	1074 	1217 	1297 	0 	
294 	429 	610 	868 	917 	1274 	1328 	0 	
294 	455 	613 	917 	952 	984 	0 	0 	
318 	440 	751 	864 	1186 	1367 	0 	0 	
426 	604 	684 	884 	964 	1345 	0 	0 	
301 	434 	667 	879 	1080 	0 	0 	0 	
176 	600 	865 	933 	1172 	1179 	1376 	0 	
212 	455 	610 	917 	921 	1098 	0 	0 	
300 	444 	668 	875 	1292 	1305 	0 	0 	
424 	607 	880 	921 	1349 	1369 	0 	0 	
228 	354 	623 	977 	1058 	0 	0 	0 	
438 	606 	877 	935 	1341 	0 	0 	0 	
423 	648 	650 	923 	1213 	1355 	1374 	0 	
132 	602 	867 	915 	1277 	0 	0 	0 	
297 	456 	639 	979 	1022 	0 	0 	0 	
296 	446 	644 	893 	995 	1112 	0 	0 	
212 	311 	523 	637 	880 	1069 	0 	0 	
295 	427 	640 	869 	1039 	1114 	0 	0 	
423 	648 	874 	1207 	1353 	1357 	0 	0 	
298 	452 	662 	873 	1252 	0 	0 	0 	
151 	451 	677 	878 	0 	0 	0 	0 	
295 	601 	869 	907 	1347 	0 	0 	0 	
144 	473 	614 	947 	1110 	1195 	0 	0 	
150 	604 	884 	916 	1350 	0 	0 	0 	
142 	527 	773 	809 	897 	1253 	0 	0 	
425 	649 	940 	1052 	1303 	1360 	0 	0 	
143 	606 	876 	1234 	1342 	0 	0 	0 	
437 	601 	654 	956 	1010 	1177 	0 	0 	
146 	445 	643 	898 	1130 	0 	0 	0 	
214 	454 	641 	894 	1360 	0 	0 	0 	
164 	465 	609 	912 	1007 	1038 	0 	0 	
323 	437 	636 	889 	914 	0 	0 	0 	
299 	453 	504 	786 	960 	1018 	0 	0 	
306 	466 	642 	900 	1003 	1055 	0 	0 	
131 	454 	627 	926 	1359 	0 	0 	0 	
435 	651 	678 	1005 	1179 	0 	0 	0 	
146 	429 	681 	870 	1274 	0 	0 	0 	
229 	616 	673 	1031 	1308 	1351 	0 	0 	
317 	438 	734 	877 	969 	0 	0 	0 	
143 	606 	735 	877 	1221 	0 	0 	0 	
211 	432 	664 	896 	967 	1343 	0 	0 	
336 	469 	704 	760 	941 	0 	0 	0 	
166 	607 	873 	984 	1375 	0 	0 	0 	
294 	605 	868 	903 	952 	0 	0 	0 	
332 	448 	657 	945 	0 	0 	0 	0 	
235 	471 	603 	918 	1044 	1372 	0 	0 	
296 	460 	912 	1027 	1356 	0 	0 	0 	
21 	513 	674 	1063 	0 	0 	0 	0 	
149 	608 	874 	906 	0 	0 	0 	0 	
209 	427 	869 	899 	1309 	0 	0 	0 	
208 	626 	670 	892 	1034 	0 	0 	0 	
105 	363 	594 	676 	1006 	0 	0 	0 	
303 	643 	672 	920 	1366 	0 	0 	0 	
481 	619 	937 	1093 	1273 	0 	0 	0 	
129 	471 	655 	907 	1017 	1044 	0 	0 	
208 	472 	688 	944 	960 	0 	0 	0 	
221 	482 	744 	882 	1290 	0 	0 	0 	
166 	452 	873 	1028 	1214 	0 	0 	0 	
142 	617 	760 	897 	954 	1219 	0 	0 	
225 	495 	639 	797 	979 	1118 	0 	0 	
325 	472 	571 	890 	944 	0 	0 	0 	
130 	481 	758 	927 	1093 	0 	0 	0 	
131 	605 	710 	903 	958 	0 	0 	0 	
428 	628 	886 	949 	1194 	0 	0 	0 	
252 	342 	578 	679 	1059 	0 	0 	0 	
174 	330 	625 	904 	937 	1295 	0 	0 	
215 	445 	653 	920 	1167 	0 	0 	0 	
167 	323 	635 	914 	970 	1019 	0 	0 	
315 	480 	691 	902 	1103 	0 	0 	0 	
465 	603 	918 	1038 	1039 	0 	0 	0 	
220 	359 	669 	948 	1011 	0 	0 	0 	
171 	447 	611 	913 	997 	998 	0 	0 	
245 	486 	790 	932 	0 	0 	0 	0 	
148 	612 	879 	987 	1269 	0 	0 	0 	
301 	612 	879 	936 	1268 	0 	0 	0 	
235 	612 	655 	936 	1186 	0 	0 	0 	
441 	613 	882 	952 	1192 	1290 	0 	0 	
331 	445 	660 	898 	0 	0 	0 	0 	
223 	481 	619 	941 	1077 	1248 	0 	0 	
429 	610 	870 	1196 	1231 	1325 	0 	0 	
220 	446 	893 	948 	1007 	0 	0 	0 	
322 	462 	742 	743 	1053 	0 	0 	0 	
132 	650 	867 	1208 	1374 	0 	0 	0 	
208 	341 	688 	892 	1302 	1312 	0 	0 	
321 	628 	730 	946 	949 	1153 	0 	0 	
221 	474 	624 	1021 	1045 	1131 	0 	0 	
329 	454 	883 	926 	0 	0 	0 	0 	
165 	444 	620 	989 	992 	1000 	0 	0 	
299 	472 	685 	960 	1091 	0 	0 	0 	
314 	484 	756 	970 	0 	0 	0 	0 	
308 	540 	600 	887 	933 	1318 	0 	0 	
165 	480 	723 	902 	1287 	0 	0 	0 	
316 	480 	723 	911 	1286 	0 	0 	0 	
220 	465 	640 	1007 	1039 	1114 	0 	0 	
87 	497 	675 	922 	1335 	0 	0 	0 	
221 	441 	759 	882 	1251 	1271 	0 	0 	
307 	457 	680 	804 	1002 	0 	0 	0 	
300 	490 	705 	875 	1203 	1293 	0 	0 	
213 	490 	875 	983 	1292 	1306 	0 	0 	
335 	490 	733 	983 	0 	0 	0 	0 	
174 	334 	891 	904 	1260 	0 	0 	0 	
458 	655 	936 	1017 	1050 	0 	0 	0 	
316 	614 	911 	972 	1195 	0 	0 	0 	
430 	626 	892 	895 	0 	0 	0 	0 	
226 	645 	734 	969 	1004 	0 	0 	0 	
167 	484 	689 	970 	1108 	0 	0 	0 	
173 	646 	908 	928 	1092 	0 	0 	0 	
341 	430 	752 	892 	1278 	0 	0 	0 	
425 	627 	894 	1220 	1360 	1371 	0 	0 	
315 	622 	902 	961 	989 	0 	0 	0 	
444 	622 	875 	989 	1203 	1306 	0 	0 	
213 	622 	875 	961 	1293 	1305 	0 	0 	
297 	464 	872 	979 	1014 	1316 	0 	0 	
229 	479 	673 	988 	1115 	1232 	0 	0 	
427 	687 	899 	1001 	1244 	0 	0 	0 	
171 	491 	791 	913 	1139 	1158 	0 	0 	
431 	617 	703 	954 	1178 	0 	0 	0 	
341 	504 	688 	973 	1278 	0 	0 	0 	
304 	500 	713 	971 	1128 	1157 	0 	0 	
310 	535 	702 	981 	1152 	0 	0 	0 	
340 	793 	906 	996 	0 	0 	0 	0 	
464 	616 	872 	1031 	1307 	1344 	0 	0 	
328 	457 	729 	750 	1025 	0 	0 	0 	
308 	498 	887 	974 	1285 	1327 	0 	0 	
333 	700 	896 	943 	0 	0 	0 	0 	
349 	461 	810 	931 	978 	0 	0 	0 	
149 	327 	659 	874 	1357 	0 	0 	0 	
328 	519 	693 	971 	0 	0 	0 	0 	
170 	508 	686 	993 	1101 	1148 	0 	0 	
141 	628 	742 	886 	946 	0 	0 	0 	
352 	610 	777 	870 	1098 	1274 	0 	0 	
336 	619 	941 	1023 	0 	0 	0 	0 	
147 	498 	887 	924 	1161 	1318 	0 	0 	
429 	868 	901 	1196 	1370 	0 	0 	0 	
151 	494 	795 	878 	1145 	1330 	0 	0 	
314 	494 	805 	878 	1329 	0 	0 	0 	
320 	745 	754 	985 	1163 	0 	0 	0 	
231 	631 	709 	931 	990 	0 	0 	0 	
233 	493 	665 	953 	0 	0 	0 	0 	
231 	632 	990 	993 	1070 	1188 	0 	0 	
299 	497 	675 	1018 	1091 	1289 	0 	0 	
433 	618 	909 	1065 	0 	0 	0 	0 	
426 	618 	915 	964 	0 	0 	0 	0 	
292 	604 	618 	909 	964 	1176 	0 	0 	
292 	435 	865 	916 	1176 	1346 	1376 	0 	
217 	602 	866 	919 	1174 	1194 	0 	0 	
291 	606 	910 	935 	1206 	0 	0 	0 	
422 	606 	876 	910 	1221 	0 	0 	0 	
292 	432 	664 	1172 	1235 	1346 	0 	0 	
163 	616 	872 	1189 	1316 	0 	0 	0 	
310 	684 	884 	1199 	0 	0 	0 	0 	
292 	865 	1172 	1339 	1343 	0 	0 	0 	
295 	471 	907 	918 	1216 	0 	0 	0 	
172 	624 	737 	1021 	1183 	0 	0 	0 	
424 	607 	1171 	1204 	0 	0 	0 	0 	
150 	535 	862 	884 	1218 	0 	0 	0 	
443 	616 	673 	1008 	1189 	1232 	0 	0 	
293 	608 	1170 	1190 	1353 	0 	0 	0 	
423 	608 	874 	1170 	1213 	1352 	0 	0 	
145 	519 	750 	895 	1180 	0 	0 	0 	
216 	648 	923 	1024 	1207 	0 	0 	0 	
296 	609 	893 	912 	1241 	0 	0 	0 	
327 	648 	874 	1024 	1213 	1321 	0 	0 	
302 	654 	930 	956 	1178 	0 	0 	0 	
131 	627 	958 	1185 	1229 	0 	0 	0 	
214 	894 	940 	1220 	1224 	1303 	0 	0 	
318 	634 	929 	1175 	0 	0 	0 	0 	
291 	449 	871 	959 	1185 	0 	0 	0 	
331 	681 	901 	1187 	0 	0 	0 	0 	
302 	617 	897 	1178 	0 	0 	0 	0 	
449 	605 	957 	958 	1191 	0 	0 	0 	
303 	488 	643 	1130 	1142 	1247 	0 	0 	
318 	864 	1175 	1193 	1198 	0 	0 	0 	
331 	615 	908 	1187 	0 	0 	0 	0 	
212 	880 	921 	1204 	0 	0 	0 	0 	
210 	868 	901 	1191 	1328 	0 	0 	0 	
425 	627 	871 	1182 	1185 	1303 	0 	0 	
235 	603 	864 	1186 	1193 	1240 	0 	0 	
322 	742 	886 	913 	1184 	0 	0 	0 	
423 	650 	867 	1170 	1207 	1277 	0 	0 	
455 	607 	921 	984 	1237 	0 	0 	0 	
435 	865 	1179 	1201 	1339 	0 	0 	0 	
