0.0000000000e+00 	 2.5000000000e+01 
7.0000000000e+01 	 2.5000000000e+01 
7.0000000000e+01 	 0.0000000000e+00 
0.0000000000e+00 	 0.0000000000e+00 
1.4893617021e+00 	 2.5000000000e+01 
2.9787234043e+00 	 2.5000000000e+01 
4.4680851064e+00 	 2.5000000000e+01 
5.9574468085e+00 	 2.5000000000e+01 
7.4468085106e+00 	 2.5000000000e+01 
8.9361702128e+00 	 2.5000000000e+01 
1.0425531915e+01 	 2.5000000000e+01 
1.1914893617e+01 	 2.5000000000e+01 
1.3404255319e+01 	 2.5000000000e+01 
1.4893617021e+01 	 2.5000000000e+01 
1.6382978723e+01 	 2.5000000000e+01 
1.7872340426e+01 	 2.5000000000e+01 
1.9361702128e+01 	 2.5000000000e+01 
2.0851063830e+01 	 2.5000000000e+01 
2.2340425532e+01 	 2.5000000000e+01 
2.3829787234e+01 	 2.5000000000e+01 
2.5319148936e+01 	 2.5000000000e+01 
2.6808510638e+01 	 2.5000000000e+01 
2.8297872340e+01 	 2.5000000000e+01 
2.9787234043e+01 	 2.5000000000e+01 
3.1276595745e+01 	 2.5000000000e+01 
3.2765957447e+01 	 2.5000000000e+01 
3.4255319149e+01 	 2.5000000000e+01 
3.5744680851e+01 	 2.5000000000e+01 
3.7234042553e+01 	 2.5000000000e+01 
3.8723404255e+01 	 2.5000000000e+01 
4.0212765957e+01 	 2.5000000000e+01 
4.1702127660e+01 	 2.5000000000e+01 
4.3191489362e+01 	 2.5000000000e+01 
4.4680851064e+01 	 2.5000000000e+01 
4.6170212766e+01 	 2.5000000000e+01 
4.7659574468e+01 	 2.5000000000e+01 
4.9148936170e+01 	 2.5000000000e+01 
5.0638297872e+01 	 2.5000000000e+01 
5.2127659574e+01 	 2.5000000000e+01 
5.3617021277e+01 	 2.5000000000e+01 
5.5106382979e+01 	 2.5000000000e+01 
5.6595744681e+01 	 2.5000000000e+01 
5.8085106383e+01 	 2.5000000000e+01 
5.9574468085e+01 	 2.5000000000e+01 
6.1063829787e+01 	 2.5000000000e+01 
6.2553191489e+01 	 2.5000000000e+01 
6.4042553191e+01 	 2.5000000000e+01 
6.5531914894e+01 	 2.5000000000e+01 
6.7021276596e+01 	 2.5000000000e+01 
6.8510638298e+01 	 2.5000000000e+01 
7.0000000000e+01 	 2.3529411765e+01 
7.0000000000e+01 	 2.2058823529e+01 
7.0000000000e+01 	 2.0588235294e+01 
7.0000000000e+01 	 1.9117647059e+01 
7.0000000000e+01 	 1.7647058824e+01 
7.0000000000e+01 	 1.6176470588e+01 
7.0000000000e+01 	 1.4705882353e+01 
7.0000000000e+01 	 1.3235294118e+01 
7.0000000000e+01 	 1.1764705882e+01 
7.0000000000e+01 	 1.0294117647e+01 
7.0000000000e+01 	 8.8235294118e+00 
7.0000000000e+01 	 7.3529411765e+00 
7.0000000000e+01 	 5.8823529412e+00 
7.0000000000e+01 	 4.4117647059e+00 
7.0000000000e+01 	 2.9411764706e+00 
7.0000000000e+01 	 1.4705882353e+00 
6.8510638298e+01 	 0.0000000000e+00 
6.7021276596e+01 	 0.0000000000e+00 
6.5531914894e+01 	 0.0000000000e+00 
6.4042553191e+01 	 0.0000000000e+00 
6.2553191489e+01 	 0.0000000000e+00 
6.1063829787e+01 	 0.0000000000e+00 
5.9574468085e+01 	 0.0000000000e+00 
5.8085106383e+01 	 0.0000000000e+00 
5.6595744681e+01 	 0.0000000000e+00 
5.5106382979e+01 	 0.0000000000e+00 
5.3617021277e+01 	 0.0000000000e+00 
5.2127659574e+01 	 0.0000000000e+00 
5.0638297872e+01 	 0.0000000000e+00 
4.9148936170e+01 	 0.0000000000e+00 
4.7659574468e+01 	 0.0000000000e+00 
4.6170212766e+01 	 0.0000000000e+00 
4.4680851064e+01 	 0.0000000000e+00 
4.3191489362e+01 	 0.0000000000e+00 
4.1702127660e+01 	 0.0000000000e+00 
4.0212765957e+01 	 0.0000000000e+00 
3.8723404255e+01 	 0.0000000000e+00 
3.7234042553e+01 	 0.0000000000e+00 
3.5744680851e+01 	 0.0000000000e+00 
3.4255319149e+01 	 0.0000000000e+00 
3.2765957447e+01 	 0.0000000000e+00 
3.1276595745e+01 	 0.0000000000e+00 
2.9787234043e+01 	 0.0000000000e+00 
2.8297872340e+01 	 0.0000000000e+00 
2.6808510638e+01 	 0.0000000000e+00 
2.5319148936e+01 	 0.0000000000e+00 
2.3829787234e+01 	 0.0000000000e+00 
2.2340425532e+01 	 0.0000000000e+00 
2.0851063830e+01 	 0.0000000000e+00 
1.9361702128e+01 	 0.0000000000e+00 
1.7872340426e+01 	 0.0000000000e+00 
1.6382978723e+01 	 0.0000000000e+00 
1.4893617021e+01 	 0.0000000000e+00 
1.3404255319e+01 	 0.0000000000e+00 
1.1914893617e+01 	 0.0000000000e+00 
1.0425531915e+01 	 0.0000000000e+00 
8.9361702128e+00 	 0.0000000000e+00 
7.4468085106e+00 	 0.0000000000e+00 
5.9574468085e+00 	 0.0000000000e+00 
4.4680851064e+00 	 0.0000000000e+00 
2.9787234043e+00 	 0.0000000000e+00 
1.4893617021e+00 	 0.0000000000e+00 
0.0000000000e+00 	 1.4705882353e+00 
0.0000000000e+00 	 2.9411764706e+00 
0.0000000000e+00 	 4.4117647059e+00 
0.0000000000e+00 	 5.8823529412e+00 
0.0000000000e+00 	 7.3529411765e+00 
0.0000000000e+00 	 8.8235294118e+00 
0.0000000000e+00 	 1.0294117647e+01 
0.0000000000e+00 	 1.1764705882e+01 
0.0000000000e+00 	 1.3235294118e+01 
0.0000000000e+00 	 1.4705882353e+01 
0.0000000000e+00 	 1.6176470588e+01 
0.0000000000e+00 	 1.7647058824e+01 
0.0000000000e+00 	 1.9117647059e+01 
0.0000000000e+00 	 2.0588235294e+01 
0.0000000000e+00 	 2.2058823529e+01 
0.0000000000e+00 	 2.3529411765e+01 
1.2576517015e+01 	 1.2555894214e+01 
2.5917798020e+01 	 1.2838635622e+01 
3.9637849270e+01 	 1.2571910973e+01 
5.2677118660e+01 	 1.2443879588e+01 
6.5081238233e+01 	 5.3434262283e+00 
6.4864435389e+01 	 1.9473897327e+01 
3.7340213287e+00 	 2.1473149569e+01 
3.6643824555e+00 	 3.7572811904e+00 
9.3861307072e-01 	 8.8965225716e-01 
6.9112887736e+01 	 2.4052852662e+01 
8.9899277363e-01 	 2.4065677972e+01 
6.9047606808e+01 	 9.3342188248e-01 
6.1103915460e+01 	 1.2680914791e+01 
1.9606689205e+01 	 1.6905066714e+01 
3.2765068088e+01 	 8.1100019075e+00 
1.9202392301e+01 	 8.0984595381e+00 
4.6023713704e+01 	 8.2153485537e+00 
3.2863009767e+01 	 1.6871028809e+01 
4.5996687418e+01 	 1.6875585323e+01 
6.7043799347e+00 	 9.7668180520e+00 
5.4243059034e+01 	 6.5481730440e+00 
5.4169083750e+01 	 1.8772604272e+01 
9.6121255245e+00 	 1.8170711587e+01 
6.1897317239e+01 	 2.1619095903e+01 
6.1731752379e+01 	 3.7716372140e+00 
6.7033756921e+01 	 2.1546789135e+01 
6.7198586462e+01 	 3.0572708636e+00 
6.6894144174e+01 	 6.7281806563e+00 
6.7094631005e+01 	 1.8294993941e+01 
6.6268303879e+00 	 2.9431761985e+00 
2.7959609193e+00 	 1.8609884986e+01 
2.2219890472e+00 	 2.2638856767e+01 
2.3714312495e+00 	 2.2087328669e+00 
3.8650300348e+01 	 6.6557865362e+00 
2.5399476036e+01 	 1.8747639974e+01 
1.1878908170e+01 	 6.1437740511e+00 
2.5406880673e+01 	 6.2911467242e+00 
4.0256798568e+01 	 1.8972300954e+01 
1.4252973319e+01 	 1.6746106968e+01 
6.2718374636e+00 	 1.4788516231e+01 
6.5570715169e+01 	 1.3975673978e+01 
5.9299279762e+01 	 1.7448142398e+01 
5.8902228069e+01 	 7.7298637297e+00 
4.4301620722e+01 	 1.2476364185e+01 
3.0878290055e+01 	 1.2686801215e+01 
2.1072565524e+01 	 1.2640368778e+01 
4.9775982582e+01 	 4.9882600641e+00 
4.9471731982e+01 	 2.0200482240e+01 
1.8452360779e+01 	 4.0386856873e+00 
1.8301043981e+01 	 2.0763532298e+01 
3.2018525730e+01 	 4.0058194206e+00 
3.2149063245e+01 	 2.1031394621e+01 
4.0478794444e+00 	 7.4173461889e+00 
7.4575733272e+00 	 2.1183041804e+01 
1.1208206854e+01 	 2.1351470506e+01 
5.5593234226e+01 	 2.1860672460e+01 
5.6014914313e+01 	 2.9618103672e+00 
6.4898106076e+01 	 2.2797780792e+01 
6.4286767624e+01 	 2.8853831511e+00 
6.7331280470e+01 	 9.7303066623e+00 
6.0300641891e+01 	 1.6325262116e+00 
6.0291258102e+01 	 2.3195470735e+01 
2.1215711283e+00 	 2.0531281802e+01 
4.0001625561e+00 	 2.3205552964e+01 
4.4440723498e+00 	 1.8617689334e+00 
1.7687322116e+00 	 4.1909290152e+00 
6.7588025886e+01 	 2.3216287967e+01 
2.0809290887e+00 	 1.6690045147e+01 
6.6654393709e+01 	 4.7565237626e+00 
6.8182028447e+01 	 1.9849562382e+01 
6.8610398866e+01 	 3.3766437497e+00 
6.7838620674e+01 	 1.1537856474e+00 
6.6287421062e+00 	 1.3622999405e+00 
6.6385516509e+01 	 1.9417252939e+01 
6.8564030990e+01 	 6.4111791438e+00 
1.1383861682e+00 	 1.9390792401e+00 
1.9512862018e+00 	 2.3861666698e+01 
1.0588208435e+00 	 2.2941252502e+01 
2.0638267100e+00 	 1.0446585935e+00 
4.3011200837e+01 	 4.5966599770e+00 
1.6989731563e+01 	 1.1649645285e+01 
3.5143333150e+01 	 1.3523888042e+01 
4.8764129526e+01 	 1.3489293326e+01 
3.6123248288e+01 	 1.9895832017e+01 
2.8600367517e+01 	 9.1173301572e+00 
4.1926144073e+01 	 9.0699552065e+00 
2.8590110319e+01 	 1.6043857343e+01 
5.0245135484e+01 	 9.0975624948e+00 
5.6748676636e+01 	 1.3847215160e+01 
4.4253293149e+01 	 2.0766098019e+01 
6.3143039388e+01 	 9.0696499432e+00 
1.6092231922e+01 	 6.7959617219e+00 
4.2484331246e+01 	 1.5667927690e+01 
2.3146182008e+01 	 9.0248475048e+00 
2.3670449504e+01 	 1.5486699100e+01 
1.4949090413e+01 	 2.0895201220e+01 
2.1807876781e+01 	 1.9286248493e+01 
3.6046436176e+01 	 3.9413472909e+00 
2.2344585674e+01 	 3.8390538026e+00 
2.8302628587e+01 	 3.8603210897e+00 
2.8151590278e+01 	 2.1334159697e+01 
3.8256371037e+00 	 1.2024270236e+01 
6.2213704425e+01 	 1.5577373720e+01 
7.3224299842e+00 	 6.2776770677e+00 
9.8616958364e+00 	 1.4831718543e+01 
6.4810298479e+00 	 1.8072119608e+01 
1.0729333749e+01 	 9.7236908172e+00 
1.0456308869e+01 	 3.8427754981e+00 
5.2498491625e+01 	 3.5366598720e+00 
5.2450346493e+01 	 2.1607935378e+01 
5.8775388580e+01 	 2.0330555389e+01 
5.8903295887e+01 	 4.5297282507e+00 
4.8460384996e+01 	 2.3020614648e+00 
4.8211895568e+01 	 2.2064122747e+01 
6.7360905151e+01 	 1.2114686305e+01 
6.7539435487e+01 	 1.5763365700e+01 
1.9900333642e+01 	 2.2723033626e+01 
1.6657174100e+01 	 2.0585919613e+00 
3.2082561705e+01 	 2.3096400106e+01 
3.1997643617e+01 	 1.9227087446e+00 
9.2623391642e+00 	 2.2431244319e+01 
2.8014607199e+00 	 5.7489423704e+00 
5.6434224183e+00 	 2.2266504744e+01 
2.0410685568e+00 	 8.0474650086e+00 
6.3681983210e+01 	 2.1269941187e+01 
6.2221300924e+01 	 1.5146502797e+00 
6.3219912400e+01 	 4.2085443070e+00 
6.2926909914e+01 	 2.2887649121e+01 
5.5835748955e+01 	 2.3481039961e+01 
5.6025270955e+01 	 1.4096126745e+00 
6.5947541597e+01 	 1.3486147429e+00 
6.8304471179e+01 	 8.6675177585e+00 
6.5370711393e+01 	 3.6323498534e+00 
6.5828314496e+01 	 2.0757827469e+01 
5.4950924954e+00 	 3.3376563778e+00 
2.9852263559e+00 	 1.9797854081e+01 
1.7283817171e+00 	 1.9374773165e+01 
5.8956834949e+01 	 1.4201116111e+00 
5.9114490948e+01 	 2.3725510958e+01 
6.8269707291e+01 	 5.2138987549e+00 
6.6261647173e+01 	 2.3597157934e+01 
6.8504195407e+01 	 2.1176681049e+01 
6.5772100593e+01 	 1.8295539374e+01 
6.8595494263e+01 	 1.8554727469e+01 
1.3342875014e+00 	 1.5508853972e+01 
6.8894411064e+01 	 2.0339664279e+00 
6.8752519939e+01 	 2.2880580901e+01 
5.2316352222e+00 	 1.0868752071e+00 
1.2915313802e+00 	 2.1502750151e+01 
3.4636712313e+00 	 1.2443513255e+00 
2.6308281680e+00 	 2.1555030648e+01 
3.5154472649e+00 	 2.5689147347e+00 
6.0229467697e+01 	 8.2375090446e-01 
6.0341635822e+01 	 2.4102625770e+01 
3.0707396737e+00 	 2.3535327520e+01 
1.4529020428e+00 	 3.0951809483e+00 
8.4541530763e-01 	 3.9294517169e+00 
3.9406365607e+00 	 2.4067165088e+01 
6.8300266598e+01 	 2.3855965612e+01 
9.7390049120e-01 	 1.6800942317e+01 
6.7502174099e+01 	 1.9297136453e+01 
6.9057616430e+01 	 1.9858878574e+01 
3.6675484640e+01 	 9.7286432444e+00 
5.1206206706e+01 	 1.6183825000e+01 
5.5979493583e+01 	 9.9444674911e+00 
3.7577945759e+01 	 1.6116019482e+01 
1.4396221802e+01 	 9.7395804054e+00 
1.4206462281e+01 	 3.9015825323e+00 
2.4166764105e+01 	 2.1796821350e+01 
4.0943561090e+01 	 2.1742403761e+01 
3.9924669965e+01 	 2.9415377699e+00 
2.9845135795e+01 	 6.1772235009e+00 
8.3325118058e+00 	 1.1905504267e+01 
1.7146825269e+01 	 1.4856824073e+01 
2.9781397982e+01 	 1.8395184212e+01 
4.6494201102e+01 	 4.8626167875e+00 
6.2102395146e+01 	 1.8699798368e+01 
2.5662964225e+01 	 3.6298629736e+00 
4.6751220053e+01 	 1.0989194806e+01 
4.6759563388e+01 	 2.0321035743e+01 
1.6876281154e+01 	 1.8670034146e+01 
5.6132532341e+01 	 1.6402809369e+01 
3.4712162629e+01 	 2.2304905663e+01 
6.4579258985e+01 	 1.1376225607e+01 
6.1633173449e+01 	 6.4559682432e+00 
1.2426528722e+01 	 1.9171631239e+01 
2.5777464416e+01 	 8.9415411834e+00 
2.2760064595e+01 	 6.3318358310e+00 
3.4199761006e+01 	 5.6743474537e+00 
9.5104809291e+00 	 6.1998430945e+00 
3.6540317766e+00 	 1.5246078717e+01 
4.3674430950e+01 	 1.7867137083e+01 
5.9828953981e+01 	 1.4661271459e+01 
6.0745533899e+01 	 9.8257861283e+00 
1.2644361856e+01 	 1.5197807945e+01 
2.6428964133e+01 	 1.5142223592e+01 
4.4058394122e+01 	 2.4662373004e+00 
7.9052436541e+00 	 1.6579222711e+01 
5.1743304701e+01 	 6.3970633468e+00 
4.8439332685e+01 	 6.9895803525e+00 
4.1820956534e+01 	 1.3241043298e+01 
2.3240419717e+01 	 1.1537646900e+01 
3.2695651683e+01 	 1.4400174758e+01 
2.8528488367e+01 	 1.3600835647e+01 
4.6037892188e+01 	 1.4310219695e+01 
1.9531660242e+01 	 1.0851809846e+01 
3.0960429216e+01 	 9.7894791585e+00 
2.1106515067e+01 	 1.4877066763e+01 
4.5549531239e+01 	 2.3243532995e+01 
6.5277853638e+01 	 8.5033509332e+00 
5.6266818577e+01 	 1.9426117468e+01 
5.6543148081e+01 	 5.4553927963e+00 
4.1349815371e+01 	 6.8196994742e+00 
3.5766220480e+00 	 9.6180816671e+00 
5.0389767003e+01 	 1.1506566535e+01 
2.0269085275e+01 	 2.4341809693e+00 
1.6561189351e+01 	 2.2470088197e+01 
2.3492493854e+01 	 1.7773456999e+01 
5.0726002822e+01 	 2.3676548054e+00 
1.3276349642e+01 	 2.2500115625e+01 
6.5161365154e+01 	 1.6452923042e+01 
3.4339190595e+01 	 2.4988204540e+00 
5.0435460227e+01 	 2.2204398493e+01 
3.3910373428e+01 	 1.9165748113e+01 
2.9877931625e+01 	 2.2831226941e+01 
3.0075429017e+01 	 2.9120798051e+00 
1.9778732474e+00 	 1.3204480382e+01 
4.9679069176e+00 	 5.3944004651e+00 
5.2833402014e+00 	 2.0122481997e+01 
1.9589496373e+01 	 1.9076280439e+01 
1.7959447927e+01 	 6.0735734573e+00 
3.6703287106e+01 	 1.9681264383e+00 
2.7416314081e+01 	 2.3298976697e+01 
8.8157168719e+00 	 2.1106579789e+00 
1.1145764317e+01 	 1.8507037417e+00 
9.4228004466e+00 	 2.0497247795e+01 
5.4081776877e+01 	 2.3656566229e+00 
5.5460620986e+00 	 8.1212630670e+00 
7.4250908976e+00 	 2.3071264512e+01 
5.3868958571e+01 	 2.2952521621e+01 
6.8193842105e+01 	 1.4110070403e+01 
5.3867477981e+01 	 2.0565210289e+01 
5.7409265141e+01 	 2.3288323086e+00 
5.8051897237e+01 	 2.2028077135e+01 
1.0766182977e+01 	 2.2629798630e+01 
4.7020404422e+01 	 1.4824635343e+00 
5.4304048088e+01 	 4.1573641528e+00 
6.0228008835e+01 	 3.7048820641e+00 
6.0044803946e+01 	 2.1373067799e+01 
6.8016227027e+01 	 1.0874528465e+01 
6.7886645244e+01 	 1.7180295869e+01 
1.4551250607e+00 	 6.5377811669e+00 
5.1956229536e+00 	 2.3607220367e+01 
6.1676748873e+01 	 2.3592413733e+01 
6.4655663020e+01 	 2.3915031969e+01 
4.8281925254e+01 	 2.3516863721e+01 
6.2678988322e+01 	 2.6978670455e+00 
6.3437155852e+01 	 1.4115613195e+00 
6.6918501475e+01 	 2.2558518164e+01 
1.4648181452e+00 	 1.7971653447e+01 
2.0044944674e+01 	 2.4029153489e+01 
1.6846968282e+01 	 9.4944456602e-01 
6.7598498303e+01 	 4.3268000475e+00 
5.4951701229e+00 	 2.2600554479e+00 
6.7759642173e+01 	 2.2275878197e+01 
6.3293165414e+01 	 2.3927409131e+01 
6.4785870561e+01 	 2.1660240209e+01 
1.0258176987e+00 	 2.0221762414e+01 
6.6643065817e+01 	 8.8234148935e-01 
6.4624289864e+01 	 4.2944825856e+00 
3.1968924493e+01 	 9.4953487518e-01 
3.2066697079e+01 	 2.4121739323e+01 
6.2820967230e+01 	 2.1904761739e+01 
6.5843619285e+01 	 2.5775115707e+00 
3.3491332040e+00 	 2.2459541033e+01 
2.7637337573e+00 	 4.5367596139e+00 
2.5897385118e+00 	 3.3872636153e+00 
6.8716247089e+01 	 4.5273807292e+00 
6.7911343869e+01 	 7.5640780718e+00 
6.9109782055e+01 	 5.2908398595e+00 
9.4933579913e-01 	 8.0177616132e+00 
6.7882205326e+01 	 2.3087380964e+00 
6.1257690372e+01 	 1.0625813613e+00 
6.7240622285e+01 	 2.0344930406e+01 
6.7536219889e+01 	 2.4133373961e+01 
6.8957362422e+01 	 7.7617476293e+00 
4.4016849404e+00 	 1.0461814589e+00 
1.0038036584e+00 	 5.0232130308e+00 
6.5719912635e+01 	 4.5680950249e+00 
6.7364018245e+01 	 5.4990431340e+00 
6.6394052606e+01 	 3.8242675307e+00 
4.5598973257e+00 	 2.9828000715e+00 
3.0935182868e+00 	 2.0751824306e+01 
3.3727736722e+01 	 1.0812214596e+01 
5.3378511637e+01 	 9.5953103282e+00 
3.7792532238e+01 	 2.1991738180e+01 
3.9071598640e+01 	 9.0332228754e+00 
5.4349734796e+01 	 1.4627463326e+01 
1.6538717526e+01 	 9.4194370435e+00 
5.7988713165e+01 	 1.1365388898e+01 
3.4833968200e+01 	 1.5924067707e+01 
4.3694109647e+01 	 7.3730835412e+00 
1.8860882071e+01 	 1.3245002571e+01 
4.8412890980e+01 	 1.5986780562e+01 
5.1105903056e+01 	 1.3900693443e+01 
6.1433306571e+00 	 1.2431926938e+01 
5.1829301162e+01 	 1.8934568790e+01 
4.4235747574e+01 	 9.9398834612e+00 
1.4484509728e+01 	 1.4033411432e+01 
3.6380820512e+01 	 6.8746352479e+00 
2.0296393382e+01 	 5.6169901855e+00 
8.2556645761e+00 	 7.9848940563e+00 
4.0225473709e+01 	 1.5174918664e+01 
6.3109867852e+01 	 1.3291810686e+01 
2.7559443386e+01 	 1.7963598046e+01 
2.7648584669e+01 	 6.0293080024e+00 
3.0874523541e+01 	 1.5609375723e+01 
1.6326382759e+01 	 4.6079769184e+00 
5.6928883539e+01 	 7.8883041908e+00 
2.7860067462e+01 	 1.1326231214e+01 
3.7206047828e+01 	 1.1716430804e+01 
4.3596017071e+01 	 2.3063170419e+01 
1.0849830717e+01 	 1.6778534893e+01 
4.2031084415e+01 	 1.9631132548e+01 
3.8120285249e+01 	 3.9828307780e+00 
4.1203825016e+01 	 1.1207196340e+01 
3.7908182181e+01 	 1.8354198680e+01 
2.2558640245e+01 	 2.2734785327e+01 
4.7849941671e+01 	 9.2186196173e+00 
1.0410102826e+01 	 1.3076241864e+01 
3.1847882420e+01 	 6.2119415023e+00 
1.2477738855e+01 	 3.5588426098e+00 
6.3582747488e+01 	 1.7533140494e+01 
6.2602275591e+01 	 1.1031740354e+01 
2.3482662497e+01 	 2.2746516080e+00 
2.6018118164e+01 	 2.1704422202e+01 
1.3839540204e+01 	 7.2984589810e+00 
2.7052230853e+01 	 2.2188588091e+00 
8.2323892983e+00 	 4.3507773346e+00 
2.0727909107e+00 	 1.1288588252e+01 
2.1324550802e+01 	 1.7040223329e+01 
7.8596741909e+00 	 1.9129838367e+01 
1.2587690736e+01 	 1.0322337657e+01 
4.1904416851e+01 	 2.5757534109e+00 
2.1169422040e+01 	 9.2566730469e+00 
4.4320806583e+01 	 1.5660493622e+01 
6.3515926548e+01 	 6.9534806443e+00 
2.4156948961e+01 	 4.6184388070e+00 
1.4091745619e+01 	 2.0195847525e+00 
1.6701784738e+01 	 1.6746762842e+01 
2.9963039059e+01 	 2.0669500545e+01 
2.4261852286e+01 	 7.6919532542e+00 
2.4172524658e+01 	 1.3750025619e+01 
4.1755844524e+01 	 1.7530497840e+01 
2.5247028216e+01 	 1.6779139472e+01 
1.4611746177e+01 	 1.8896028627e+01 
1.6614444949e+01 	 2.0692558665e+01 
2.0438863539e+01 	 2.0984031405e+01 
4.8572390541e+01 	 1.1047878336e+01 
3.1564667775e+01 	 1.8798189211e+01 
6.0353454936e+01 	 1.9474770416e+01 
3.0251614098e+01 	 8.1567981947e+00 
6.1284484519e+01 	 7.9323808537e+00 
5.8049899601e+01 	 1.5821154890e+01 
8.4279761384e+00 	 1.4279252034e+01 
1.0666855080e+01 	 1.9842370153e+01 
2.3698811884e+01 	 1.9726410178e+01 
6.0152512187e+01 	 6.0417046673e+00 
3.9651951783e+01 	 1.1819074280e+00 
4.5454738453e+01 	 1.8746110140e+01 
5.6214051603e+00 	 1.6568666679e+01 
4.8065179560e+01 	 4.7109392665e+00 
5.8559849105e+01 	 1.8416057013e+01 
2.5322214578e+01 	 1.0625547467e+01 
1.2599499460e+01 	 2.0982297709e+01 
4.0391112433e+01 	 4.9044612419e+00 
3.8020048083e+00 	 1.4128951878e+01 
3.3909767032e+01 	 4.1122539190e+00 
4.6044789913e+01 	 1.2601305163e+01 
6.1137969908e+01 	 1.7211062671e+01 
4.5631796824e+01 	 3.1651556199e+00 
1.8207442041e+01 	 2.2339389674e+01 
6.5167901393e+01 	 9.9803673017e+00 
5.2502775624e+01 	 1.7282540741e+00 
2.4700581617e+01 	 2.3692517529e+01 
4.7785976799e+00 	 1.8112146388e+01 
3.0213067268e+01 	 5.0544786039e+00 
1.4959384392e+01 	 2.2293631133e+01 
1.8868955128e+01 	 2.0202847671e+00 
5.2135474796e+01 	 2.3220917727e+01 
4.7253929604e+01 	 6.5963035071e+00 
5.1899646631e+01 	 4.7889738879e+00 
4.1079654396e+01 	 2.3546301780e+01 
4.6660335168e+01 	 2.3709176826e+01 
3.4729687708e+01 	 2.0246594612e+01 
5.7288276257e+01 	 4.0449016708e+00 
5.2038237841e+00 	 9.5140612801e+00 
4.9990542261e+01 	 6.4650005883e+00 
1.8361570076e+01 	 1.8513966898e+01 
2.1586915932e+01 	 1.3473042368e+00 
6.2046246963e+01 	 4.9865803679e+00 
4.5751243578e+01 	 2.1222043378e+01 
3.4332748483e+00 	 1.6592193648e+01 
3.0593397259e+01 	 1.4584554182e+00 
3.4953247735e+01 	 2.3638972144e+01 
5.7573068787e+01 	 2.3500655638e+01 
5.5952163435e+01 	 1.7853954932e+01 
5.8774487609e+01 	 3.0809626343e+00 
3.3253544273e+01 	 2.2141419867e+01 
6.2355324174e+01 	 1.9781750766e+01 
6.0572785508e+00 	 4.3820580965e+00 
4.8147502318e+01 	 2.0645922049e+01 
9.9165120721e+00 	 1.2118700315e+00 
6.5521274154e+01 	 6.3998844046e+00 
6.6408194833e+01 	 1.6990140011e+01 
6.5860223216e+01 	 1.2319280712e+01 
6.8700705003e+01 	 1.2900889691e+01 
4.9286941498e+01 	 1.2242294586e+00 
4.9806034244e+01 	 2.3618805026e+01 
5.6917327526e+01 	 2.0972692451e+01 
6.7081831271e+01 	 1.4398282919e+01 
6.8770364722e+01 	 1.5131362873e+01 
2.7766742022e+01 	 1.4932379757e+01 
6.6824905224e+01 	 8.2719613619e+00 
1.2111836936e+01 	 2.3204129424e+01 
6.6897120603e+01 	 1.0927809866e+01 
3.5369219430e+01 	 1.3454998574e+00 
2.8747030814e+01 	 2.3817912892e+01 
3.3206072598e+01 	 1.3757983575e+00 
3.0858737488e+01 	 2.3800419088e+01 
4.9702147976e+01 	 3.5002830441e+00 
5.1127482987e+00 	 6.8295087559e+00 
5.4886952364e+01 	 1.9820483315e+01 
5.4553826730e+01 	 1.2546639640e+00 
5.9420592401e+01 	 2.2376699490e+01 
6.8790640936e+01 	 9.8792240163e+00 
9.5956342047e+00 	 2.3735491877e+01 
5.7413067433e+01 	 1.0339633241e+00 
5.4182518716e+01 	 2.1860670530e+01 
6.4846293947e+01 	 1.3720836913e+00 
1.1574133380e+00 	 1.4045203690e+01 
8.0562185979e+00 	 1.1181525482e+00 
4.3787465328e+01 	 1.2614904074e+00 
5.5512989777e+01 	 4.4231938488e+00 
6.1442300982e+00 	 2.1159008533e+01 
8.1039689958e+00 	 2.3978092209e+01 
3.8107260799e+00 	 4.9632504938e+00 
2.9118921310e+00 	 7.0409164000e+00 
6.7473119589e+00 	 2.3945185645e+01 
3.2307854988e+00 	 8.2738153595e+00 
9.9759014315e+00 	 2.1484330549e+01 
8.0295809404e+00 	 2.2222363654e+01 
4.0206997015e+00 	 2.0422383915e+01 
5.4372822214e+01 	 2.3838915402e+01 
6.9026274372e+01 	 1.7170583749e+01 
4.4622530274e+00 	 2.2380768155e+01 
6.8403814996e+00 	 2.2154314873e+01 
3.1385809489e+01 	 2.8720472065e+00 
6.1184265938e+01 	 2.4039223749e+00 
6.0926376830e+01 	 2.2179606332e+01 
3.3348917293e+01 	 2.3708047727e+01 
5.3658420142e+01 	 3.3925742555e+00 
6.2044411768e+01 	 2.2439281899e+01 
6.3834073529e+01 	 2.2284034272e+01 
6.6888135881e+01 	 1.8935071411e+00 
1.1061298882e+01 	 8.5073695210e-01 
1.9570222116e+00 	 5.2033607070e+00 
6.9087569729e+01 	 1.0902949145e+01 
5.5090042163e+01 	 2.2593904477e+00 
6.5952421722e+01 	 2.2155020250e+01 
6.4541981786e+01 	 2.0671316336e+01 
4.8294356864e+01 	 1.8481153641e+01 
1.4715833094e+01 	 1.1733108680e+01 
5.4632886703e+01 	 1.2412314922e+01 
1.2157442239e+01 	 8.3048112194e+00 
5.3553290700e+01 	 1.6592937797e+01 
3.7846710033e+01 	 1.3808893139e+01 
3.4642163499e+01 	 8.6139563477e+00 
3.8682318982e+01 	 2.0280350206e+01 
5.4818649023e+01 	 8.1375622492e+00 
1.3820427181e+01 	 5.3568150180e+00 
3.5935339068e+01 	 1.7740002165e+01 
5.8130378424e+01 	 9.4484485223e+00 
8.7898109206e+00 	 1.0105071619e+01 
3.9466298784e+01 	 1.7072379981e+01 
2.1281071790e+01 	 7.5327955727e+00 
3.3253312601e+01 	 1.2956882887e+01 
2.6845374352e+01 	 1.9913881238e+01 
1.8592186584e+01 	 1.5110946320e+01 
5.2722085648e+01 	 1.4528868787e+01 
2.2498686593e+01 	 1.4005182009e+01 
2.6347918004e+01 	 4.4576316451e+00 
3.5057246990e+01 	 1.1303268098e+01 
2.7257497923e+01 	 7.8310086184e+00 
2.9116350344e+01 	 2.0647429188e+00 
4.3649288755e+01 	 1.4189896639e+01 
2.2305307616e+01 	 1.0702469824e+01 
4.4776725851e+01 	 5.8673261762e+00 
3.9730315607e+01 	 1.0778733427e+01 
5.9275417826e+01 	 1.2896630243e+01 
5.8408886445e+01 	 6.6549199125e+00 
3.7667524802e+01 	 7.6009647808e+00 
6.3710545818e+01 	 1.5243164876e+01 
6.1114113779e+01 	 1.4244070686e+01 
2.7005472899e+01 	 1.6973876242e+01 
1.0978247592e+01 	 5.0770052618e+00 
1.2144121811e+01 	 1.7502796354e+01 
1.4866647200e+01 	 1.5478462038e+01 
3.6212918882e+01 	 2.2550195572e+01 
3.8836546291e+01 	 2.3152205194e+01 
2.2526607011e+01 	 2.1357544736e+01 
1.5216067674e+01 	 8.3292442815e+00 
4.2651782491e+01 	 1.0315751998e+01 
2.5346665835e+01 	 1.5243965351e+00 
3.0829810056e+01 	 1.6988305556e+01 
1.5431693124e+01 	 2.5619072796e+00 
3.7389445758e+01 	 5.5274905810e+00 
3.2127150409e+01 	 1.0913250501e+01 
2.9322202324e+01 	 1.0402319584e+01 
5.1983927127e+01 	 8.6160129687e+00 
3.9995240306e+01 	 7.3994755545e+00 
5.2005664930e+01 	 1.1223506497e+01 
5.1502423348e+01 	 2.1090140173e+01 
1.9845402978e+01 	 4.1324936958e+00 
2.9833341133e+01 	 1.4529551271e+01 
1.6428995333e+01 	 1.2947650087e+01 
1.0708333351e+01 	 1.1005664039e+01 
2.6563327850e+01 	 1.0166569800e+01 
2.9363869480e+01 	 1.2166058199e+01 
4.5163189333e+01 	 1.1139482614e+01 
5.3077872265e+01 	 5.7044246800e+00 
3.1178829523e+01 	 1.4098630794e+01 
4.7050728586e+01 	 2.1557400351e+01 
4.2522870936e+01 	 2.0958172373e+01 
1.1670421653e+01 	 1.3763878899e+01 
5.0476861430e+01 	 1.5008901205e+01 
9.4405646008e+00 	 1.3781997228e+01 
5.7672532961e+00 	 1.0932166187e+01 
7.1427874437e+00 	 1.3697132050e+01 
2.8817278451e+01 	 5.2054593120e+00 
1.7006755898e+01 	 7.4763529012e+00 
4.4313407475e+01 	 3.6892853022e+00 
4.5299655331e+01 	 1.6854948781e+00 
2.8911317937e+01 	 1.7441136933e+01 
2.8589669223e+01 	 1.9675422901e+01 
2.6057536176e+01 	 2.3028326857e+01 
3.8033085432e+01 	 2.4401342018e+00 
1.2499474369e+01 	 2.2602402264e+00 
9.4601187073e+00 	 1.6843669083e+01 
5.3080528169e+01 	 1.9521317637e+01 
1.2640405671e+00 	 9.3306565499e+00 
4.5814795207e+01 	 9.6598322499e+00 
3.3578784520e+01 	 1.5539671316e+01 
7.5619211484e+00 	 1.7967137984e+01 
4.9605149043e+01 	 1.0318892276e+01 
5.5608733143e+01 	 1.5094931911e+01 
4.0972149172e+01 	 1.3797146662e+00 
5.9980732933e+01 	 1.5597099130e+01 
1.8656667527e+01 	 9.5465139436e+00 
4.1627265619e+01 	 4.7376107177e+00 
1.5670420516e+01 	 1.8197794607e+01 
1.7710678047e+01 	 1.9668676915e+01 
2.4495621099e+01 	 9.5506978297e+00 
2.6886666037e+01 	 1.3862818922e+01 
4.8631055897e+01 	 5.6047781651e+00 
1.4223258171e+01 	 2.3710733892e+01 
6.3387667820e+01 	 1.8825365220e+01 
1.5715594652e+01 	 2.3704848854e+01 
6.3704849385e+01 	 1.0244721030e+01 
3.2822698024e+01 	 2.9736840955e+00 
3.0769042910e+01 	 2.1570543901e+01 
4.6897790062e+01 	 1.5621947832e+01 
6.9141661020e+00 	 8.3420813552e+00 
5.8051528063e+01 	 1.7124862787e+01 
2.0171097256e+01 	 1.3734933637e+01 
2.2684593545e+01 	 1.6563226208e+01 
3.0838280561e+01 	 7.0681765144e+00 
1.5787522467e+01 	 1.9325514269e+01 
6.2552807650e+01 	 7.8556303020e+00 
6.4436433085e+01 	 1.2866490931e+01 
6.2446168995e+01 	 1.6759349443e+01 
4.0293462633e+01 	 1.3709810080e+01 
4.7753773380e+01 	 1.2140995229e+01 
2.3606260143e+01 	 3.5803230288e+00 
4.7019551839e+01 	 3.0429297731e+00 
1.8470329652e+01 	 1.1956668447e+01 
4.6722316176e+00 	 1.3141005057e+01 
1.7255865058e+01 	 2.3724141264e+01 
2.5357795843e+00 	 1.4430979072e+01 
2.1687371386e+01 	 5.0986345946e+00 
5.1233361574e+01 	 3.5269039592e+00 
6.3100919639e+01 	 5.7082794599e+00 
1.2667448102e+00 	 1.2239043973e+01 
4.2608517435e+01 	 2.3872163613e+01 
2.4145532982e+01 	 5.8340195120e+00 
1.1082618686e+01 	 1.5255942448e+01 
2.3271733672e+01 	 2.3820671018e+01 
4.4639266330e+01 	 2.3639913084e+01 
3.3474938276e+01 	 2.0598913926e+01 
4.9235590245e+00 	 1.4653897300e+01 
4.9531146679e+01 	 7.9724985037e+00 
5.8003462601e+01 	 1.4595831063e+01 
1.9508005604e+01 	 1.2871794530e+00 
4.9301228112e+01 	 2.1439917688e+01 
3.1444235399e+01 	 8.4051658728e+00 
3.5288065956e+01 	 4.8404517080e+00 
3.3159370157e+01 	 6.7851499949e+00 
3.2781151225e+01 	 5.1268280998e+00 
4.5031457496e+01 	 1.3515203293e+01 
2.0771253823e+01 	 1.8327260864e+01 
2.1327873219e+01 	 2.3607916308e+01 
1.9122023388e+01 	 6.5601989352e+00 
4.3257120933e+01 	 8.8408176571e+00 
6.0975027616e+01 	 1.1316687861e+01 
6.1824663026e+01 	 9.0884736561e+00 
4.2938234940e+01 	 1.7013423754e+01 
4.4461468417e+01 	 1.9343602742e+01 
4.4476976938e+01 	 1.6896297730e+01 
6.3414493164e+01 	 1.2009142562e+01 
2.5054644719e+01 	 1.5588364211e+01 
2.1770593389e+01 	 2.7380948400e+00 
4.7313064836e+01 	 7.9103384443e+00 
8.3663181488e+00 	 6.7899355694e+00 
4.2320521297e+01 	 7.8369504272e+00 
5.1547293151e+01 	 1.2542615613e+00 
4.2683134741e+01 	 1.8443459231e+01 
4.8313333221e+01 	 1.0023151269e+00 
1.3884825417e+01 	 2.0044138670e+01 
6.0971630893e+01 	 1.8395830503e+01 
2.4808073634e+01 	 1.1874923979e+01 
4.1462462465e+01 	 1.4669867194e+01 
2.0402005591e+01 	 1.6162645869e+01 
5.1423337314e+01 	 1.2592641012e+01 
5.0126334666e+01 	 1.2936777300e+01 
6.7918257525e+00 	 1.9925311314e+01 
5.9758064413e+01 	 1.8479410765e+01 
6.1152169873e+01 	 2.0649377703e+01 
6.5946469695e+00 	 1.5960648596e+01 
1.8776479085e+01 	 2.3805649554e+01 
1.6023096801e+01 	 2.1353242722e+01 
1.7175025065e+01 	 2.1358289208e+01 
7.2177447447e+00 	 5.0651563513e+00 
1.7648762675e+01 	 4.9509644771e+00 
2.3008925290e+01 	 1.1614921626e+00 
1.7457001217e+01 	 1.7456746651e+01 
5.1104559206e+01 	 2.3413248878e+01 
4.4771867613e+01 	 2.2326574911e+01 
6.4243552642e+01 	 9.1808282212e+00 
3.5088386617e+01 	 1.9270193540e+01 
3.2752117877e+01 	 1.8317871227e+01 
6.1118766377e+01 	 5.7049176898e+00 
4.3862396091e+00 	 8.4383776873e+00 
6.0098606738e+01 	 5.0641002944e+00 
6.6088698565e+01 	 1.5482716668e+01 
6.5883128052e+01 	 1.1064787516e+01 
1.1997124746e+01 	 2.2147359722e+01 
1.3938197336e+01 	 2.1354500955e+01 
3.9031282769e+01 	 5.2026538194e+00 
4.6383600857e+00 	 1.7124344974e+01 
3.9351070403e+00 	 6.2302725977e+00 
1.7824968432e+01 	 2.8511930871e+00 
1.9442718095e+01 	 2.1488080302e+01 
6.0802769118e+01 	 6.8543070593e+00 
5.7863527488e+01 	 1.9678730244e+01 
5.5391114655e+01 	 5.8427274706e+00 
3.1177787304e+00 	 1.1013582473e+01 
9.1383222428e+00 	 1.9370923505e+01 
2.4760303010e+01 	 1.7723134385e+01 
2.3012407380e+01 	 1.8946811115e+01 
3.1029358451e+01 	 2.0056065407e+01 
5.6796811516e+01 	 2.2367886480e+01 
2.8464360788e+01 	 2.2498652854e+01 
3.5734545776e+01 	 2.7697588069e+00 
6.7603108184e+01 	 1.3352629185e+01 
4.8765782013e+00 	 2.1300609509e+01 
4.7746499145e+01 	 1.0381091760e+01 
1.1426157874e+01 	 2.0218940345e+01 
5.3401115740e+01 	 1.4637241856e+00 
4.7553073724e+00 	 4.1330166714e+00 
1.9519987493e+01 	 2.0294244644e+01 
1.9549846677e+01 	 1.7874610895e+01 
6.5288599649e+01 	 1.7418155823e+01 
6.4739884940e+01 	 7.2512097504e+00 
1.7800382781e+01 	 1.4752954219e+00 
3.0839844533e+01 	 5.9117072711e+00 
6.6181368244e+01 	 9.3301974808e+00 
3.2312294043e+00 	 1.3178610557e+01 
1.0139441368e+01 	 2.5813048203e+00 
7.9365932448e+00 	 3.1627023801e+00 
6.1742480319e+00 	 5.8412469717e+00 
5.7141989254e+00 	 1.8825361480e+01 
5.4861904045e+01 	 2.0941575441e+01 
5.0812495845e+01 	 5.4172775023e+00 
5.4776060714e+01 	 3.2683878313e+00 
1.1374351388e+01 	 3.0220652401e+00 
5.2990717276e+01 	 2.3795862414e+01 
2.7191930367e+01 	 2.2139385193e+01 
3.6537145710e+01 	 8.8675965670e-01 
5.9885664771e+01 	 2.4489411457e+00 
2.7548952866e+01 	 2.4238827252e+01 
1.0454340619e+01 	 2.0561206770e+01 
8.7288964832e+00 	 2.1355072100e+01 
4.1836412043e+00 	 1.9106508105e+01 
1.1194225397e+01 	 2.3966285708e+01 
5.4780917428e+01 	 2.2799402415e+01 
6.5854462087e+01 	 7.4247318150e+00 
3.0781384586e+01 	 3.9813514937e+00 
5.3247466688e+01 	 2.1440899478e+01 
6.9131109019e+01 	 1.4017182055e+01 
6.8644742362e+01 	 1.6286213922e+01 
5.9019187892e+01 	 2.1230052902e+01 
6.3668015446e+00 	 2.3009198813e+01 
1.4178858771e+01 	 8.5592294176e-01 
6.7894092909e+01 	 1.4852691068e+01 
2.9819475630e+01 	 2.3862465095e+01 
3.4290909592e+01 	 1.3028645798e+00 
4.8873020651e+01 	 4.5030935443e+00 
5.8536127646e+01 	 2.2906747759e+01 
5.8120868118e+01 	 2.0847724010e+01 
4.9210523432e+01 	 2.2570064638e+01 
5.2962178325e+01 	 2.2460905662e+01 
3.4066437099e+01 	 2.2949699672e+01 
5.3009803587e+01 	 2.5049658936e+00 
2.6992557394e+00 	 1.7546839359e+01 
6.8631873778e+01 	 1.1710439542e+01 
4.9838854155e+01 	 6.2508976171e-01 
6.3918010516e+01 	 2.3164161886e+01 
6.6205828908e+01 	 5.5487000553e+00 
8.9265265828e+00 	 1.1082113332e+00 
4.9688688264e+01 	 2.1354631934e+00 
5.9743517336e+01 	 2.0423153412e+01 
8.4813590739e+00 	 2.3095124283e+01 
6.2573126236e+01 	 2.0903561642e+01 
5.5238991701e+01 	 1.8771635490e+01 
1.2341854617e+01 	 2.4185769659e+01 
1.0237647148e+01 	 7.8289457160e+00 
5.0264900448e+01 	 1.7905175156e+01 
5.6673810473e+01 	 1.1281563137e+01 
5.4056635585e+01 	 1.1361103109e+01 
3.6776857431e+01 	 1.4930324118e+01 
1.5636760220e+01 	 1.0597181566e+01 
3.3912099700e+01 	 1.7734466898e+01 
3.7792914648e+01 	 1.0084759844e+01 
2.4832900000e+01 	 1.9920480386e+01 
4.0115694751e+01 	 2.0294281189e+01 
5.3722705318e+01 	 7.7365680731e+00 
2.8698968821e+01 	 7.4616301132e+00 
3.2645978190e+01 	 9.4795830615e+00 
3.4728737804e+01 	 7.1304140926e+00 
1.0964063181e+01 	 1.8236146147e+01 
7.2077479397e+00 	 1.1233347546e+01 
3.6711356110e+01 	 2.1122342917e+01 
3.7522639727e+01 	 2.3607787220e+01 
4.1133686483e+01 	 1.6813773909e+01 
4.2663015700e+01 	 1.1989724024e+01 
5.4931017438e+01 	 1.6896850808e+01 
4.4695644477e+01 	 8.5188940109e+00 
5.9348597778e+01 	 1.1584223702e+01 
4.7242858962e+01 	 1.8473344318e+01 
1.5500641250e+01 	 1.2070705112e+00 
1.3184634319e+01 	 1.3862646252e+01 
4.2437162901e+01 	 1.2355875241e+00 
1.9793025825e+01 	 1.2333872363e+01 
4.3542320506e+01 	 5.9882069885e+00 
1.4835079163e+01 	 4.8721142502e+00 
4.0603848279e+01 	 1.0176186165e+01 
4.5134548100e+01 	 7.0914533228e+00 
4.7926321133e+01 	 1.4697637237e+01 
1.7727164992e+01 	 1.6024533751e+01 
3.2252201644e+01 	 1.5657854963e+01 
1.8023835224e+01 	 1.0686448101e+01 
2.6976080999e+01 	 3.4329843238e+00 
3.4639268213e+01 	 1.4702738239e+01 
2.5407258804e+01 	 7.6126900462e+00 
3.9080521818e+01 	 1.4499884318e+01 
2.1090471510e+01 	 1.0446071634e+01 
1.8897218233e+01 	 5.2305093863e+00 
5.5631257225e+01 	 7.1552364374e+00 
1.3388461292e+01 	 1.1382483737e+01 
3.2245665405e+01 	 1.3103791086e+01 
5.1650646720e+01 	 1.4933427194e+01 
3.5142626695e+01 	 9.9962358395e+00 
2.3125036660e+01 	 7.7472506580e+00 
1.2624258597e+01 	 4.8735729911e+00 
5.9394484701e+01 	 9.1110503132e+00 
1.3725182119e+01 	 1.5778717873e+01 
5.3627858108e+01 	 1.3491543861e+01 
5.2921469027e+01 	 1.7992993484e+01 
3.7108388879e+01 	 1.7376477077e+01 
1.3151401658e+01 	 9.2311258473e+00 
5.5165281516e+01 	 1.3655130018e+01 
2.9808045426e+01 	 1.6525469116e+01 
3.7519369159e+01 	 1.9619847015e+01 
3.7645850736e+01 	 1.1179773181e+00 
5.0965820054e+01 	 1.0157489064e+01 
4.7481798719e+01 	 1.7263749005e+01 
2.9956868998e+01 	 1.3414308928e+01 
4.0782961192e+01 	 1.2445891659e+01 
2.5376493956e+01 	 1.4118424360e+01 
3.0738960540e+01 	 1.1329850712e+01 
9.5461808289e+00 	 4.8662155957e+00 
1.7632475756e+01 	 1.2976304845e+01 
6.3888573440e+01 	 1.6317069829e+01 
2.1224190753e+01 	 2.1970351860e+01 
4.8630287054e+01 	 1.9518449355e+01 
3.6926596721e+01 	 3.2387785710e+00 
3.6668783248e+01 	 8.3607501056e+00 
9.3570178885e+00 	 1.1229547616e+01 
2.2465212696e+01 	 1.2833153109e+01 
4.3806894020e+01 	 1.1170998828e+01 
2.3257068016e+01 	 1.0213688845e+01 
4.1058590255e+01 	 8.1632451980e+00 
2.2406117194e+01 	 1.5097276841e+01 
2.6105056141e+01 	 1.7622348195e+01 
4.7258662097e+01 	 1.3634644076e+01 
4.3075255796e+01 	 3.2178434531e+00 
2.7293925177e+01 	 1.2596056856e+01 
6.0386902722e+01 	 1.3677843250e+01 
2.0047385158e+01 	 9.4185725330e+00 
1.6835586878e+01 	 5.7943534776e+00 
5.8151667180e+01 	 1.3352029678e+01 
4.4044072705e+00 	 1.0822240939e+01 
2.7833768026e+01 	 1.3069922074e+00 
3.9007794216e+01 	 1.5915500899e+01 
8.9176520074e+00 	 1.5433619307e+01 
1.9744347041e+01 	 1.5037605516e+01 
4.5536262311e+01 	 2.4115593552e+01 
1.5925245692e+01 	 1.4266884800e+01 
3.5928945087e+01 	 1.2329280732e+01 
3.8352687959e+01 	 1.2433821185e+01 
3.6209884269e+01 	 1.0970586275e+01 
4.0899172357e+01 	 3.6493284839e+00 
2.7239799306e+01 	 8.8885103116e+00 
2.6044793026e+00 	 1.5697018613e+01 
2.6296822390e+01 	 1.1567909668e+01 
5.3542956462e+01 	 1.5287629500e+01 
8.3585849062e+00 	 5.5851807764e+00 
4.2368398357e+01 	 2.2517945522e+01 
4.9929847366e+01 	 1.4047804789e+01 
4.5391925947e+01 	 1.5658160031e+01 
3.6144634261e+01 	 5.6296335834e+00 
1.3554151509e+01 	 1.7959547471e+01 
4.7384005156e+01 	 5.4486803929e+00 
2.1407403018e+01 	 6.5037019149e+00 
4.0092059078e+01 	 6.1155202744e+00 
4.5526899529e+01 	 1.9926244553e+01 
6.2164272406e+01 	 1.2331410945e+01 
5.8294447332e+00 	 1.3737255232e+01 
2.9538160011e+01 	 4.0159765985e+00 
6.4570362941e+01 	 1.8130202615e+01 
2.3748038908e+01 	 2.0855147911e+01 
2.7875191780e+01 	 1.6895039238e+01 
5.7266819119e+01 	 1.8285300926e+01 
6.1042346766e+01 	 4.6435617227e+00 
2.9822304734e+01 	 9.0941684321e+00 
3.9196618587e+01 	 1.8247013601e+01 
4.3277915524e+01 	 1.9649643285e+01 
5.1917907128e+01 	 2.4930779146e+00 
7.9899442992e+00 	 9.2126088589e+00 
2.9368760196e+01 	 2.1574500189e+01 
2.6633202445e+01 	 6.9362943728e+00 
6.2791280158e+01 	 1.4650235293e+01 
5.7889899821e+01 	 5.5141691493e+00 
2.7420385477e+01 	 4.7581573934e+00 
6.1174020721e+01 	 1.5927721936e+01 
2.4147848294e+01 	 1.6645243793e+01 
1.6492976086e+01 	 3.2939215340e+00 
5.7055749114e+01 	 6.6288450404e+00 
5.7867380211e+01 	 7.4699495114e+00 
5.7072010503e+01 	 9.0848774090e+00 
3.9972483856e+01 	 2.2793330865e+01 
2.5258029021e+01 	 4.8989578622e+00 
1.7587875715e+01 	 8.5200821704e+00 
4.6804820874e+01 	 8.9698942731e+00 
2.6395052413e+01 	 1.2491834597e+00 
3.6960570833e+01 	 4.3121741646e+00 
5.2702325988e+01 	 2.0706374504e+01 
1.3000548181e+01 	 1.0548364766e+00 
1.4660505979e+01 	 6.2469579902e+00 
2.8708787939e+01 	 1.8723260050e+01 
2.3115657681e+01 	 4.8868784036e+00 
1.5795685453e+01 	 1.1976101778e+01 
1.8016166693e+01 	 7.2321938481e+00 
2.7915383052e+01 	 9.9816814859e+00 
9.1787198301e+00 	 3.4799216782e+00 
2.4953731071e+01 	 2.2351205840e+01 
3.7517236705e+01 	 6.6696861656e+00 
2.5802706930e+00 	 1.2155373419e+01 
1.1267126335e+01 	 1.2282336972e+01 
3.8971899051e+01 	 3.1223827835e+00 
1.1963898565e+01 	 1.6264499039e+01 
1.9064176222e+01 	 3.0984759424e+00 
4.4596347274e+01 	 1.4577101284e+01 
2.3834297347e+01 	 2.2711808549e+01 
2.1537122651e+01 	 1.3749617865e+01 
5.1024867578e+01 	 7.9022501713e+00 
4.9043565150e+01 	 9.1467711702e+00 
6.6310616313e+00 	 1.7132134563e+01 
1.3514710006e+01 	 3.1351740568e+00 
4.1372008453e+01 	 1.8644820213e+01 
2.1118228173e+01 	 3.8206477069e+00 
3.4266274294e+01 	 1.2383936727e+01 
2.7010037620e+01 	 2.0985155765e+01 
2.4284335694e+01 	 1.2687680639e+00 
2.0615744949e+01 	 1.9759528315e+01 
4.5406843814e+01 	 4.6405937095e+00 
5.6962029452e+01 	 1.5354489134e+01 
6.4753658378e+01 	 1.5287507826e+01 
3.2483083032e+01 	 1.9670555555e+01 
1.2586741266e+01 	 7.2233721555e+00 
1.4317062708e+01 	 8.4803505804e+00 
1.0040839617e+01 	 1.5827145522e+01 
2.0330748001e+01 	 1.7263080717e+01 
2.2179668382e+01 	 1.7987090559e+01 
7.2066919076e+00 	 3.9773212212e+00 
1.1574001837e+01 	 1.0348308666e+01 
4.3559395190e+01 	 1.6069091505e+01 
5.1774787231e+01 	 2.2335161336e+01 
2.9125853266e+01 	 9.6461000650e-01 
4.9603055237e+00 	 1.1863968795e+01 
7.6067907896e+00 	 2.1369790941e+00 
9.3526191064e+00 	 1.2511094380e+01 
1.0497471007e+01 	 1.4137816022e+01 
3.8875700617e+01 	 8.0438910844e+00 
6.2607652886e+01 	 9.9329128202e+00 
2.2748044330e+01 	 2.9026187796e+00 
2.4723500966e+01 	 2.6576807204e+00 
2.7307431718e+01 	 1.6052027841e+01 
5.3286086181e+01 	 4.4690609807e+00 
2.8048332476e+01 	 2.6617318841e+00 
2.2694050697e+00 	 1.0196499151e+01 
8.5613358239e+00 	 1.8452387651e+01 
1.8687810904e+01 	 9.5829487847e-01 
3.1871031769e+01 	 2.2109240392e+01 
2.6466341807e+01 	 2.4084069735e+01 
3.2886439042e+01 	 4.0519652934e+00 
5.2246344748e+01 	 1.3532830632e+01 
4.3738671990e+01 	 2.4112860233e+01 
1.1433592412e+00 	 1.0851103634e+01 
5.2639169600e+01 	 8.9292308540e-01 
3.4325876115e+01 	 2.1307669097e+01 
6.0683015467e+01 	 1.4819738513e+01 
6.2676764528e+01 	 1.7933672429e+01 
3.2014490570e+01 	 7.3214728636e+00 
6.4067333241e+01 	 1.4222200718e+01 
2.2145401175e+01 	 9.6808071577e+00 
5.0306596649e+01 	 2.0949480600e+01 
6.1380402059e+01 	 1.9406519017e+01 
2.4336049770e+01 	 1.4661155109e+01 
6.6499328386e+01 	 1.1604677715e+01 
6.3914293522e+01 	 8.1310276456e+00 
8.3551651341e+00 	 1.3100169670e+01 
7.4477532696e+00 	 7.2967065098e+00 
6.0857018931e+00 	 8.9315487429e+00 
6.4121335749e+00 	 7.1148362485e+00 
3.1420658075e+01 	 5.0470299742e+00 
4.9172189859e+01 	 1.2063339979e+01 
5.6390323406e+00 	 1.7640997603e+01 
2.0745103461e+01 	 4.6698287656e+00 
3.5058066503e+01 	 3.6310120706e+00 
6.8784040081e+00 	 1.8786409192e+01 
8.2320032865e+00 	 2.0250816107e+01 
4.0111571276e+01 	 2.0629306278e+00 
3.2902944557e+01 	 1.2031922229e+01 
2.3802314940e+01 	 1.2760244437e+01 
5.1803796074e+01 	 2.4087586611e+01 
3.7485365563e+00 	 1.7851758963e+01 
2.6188355177e+01 	 1.6352552833e+01 
3.9764767739e+01 	 2.3898236501e+01 
3.5758666258e+01 	 1.8757088638e+01 
8.6232877448e+00 	 1.7604396981e+01 
1.3074400038e+01 	 2.3728101547e+01 
5.9081263085e+01 	 1.6309667656e+01 
6.6293339730e+01 	 1.0200797570e+01 
2.3953257012e+01 	 8.5038345716e+00 
6.6693574639e+01 	 1.3233574662e+01 
5.4013213626e+01 	 1.9668924552e+01 
6.4340549990e+01 	 6.1274360122e+00 
2.0319751235e+01 	 1.0144838888e+00 
1.5569299248e+01 	 1.6897914959e+01 
1.6319950762e+01 	 1.5718034302e+01 
2.0327802798e+01 	 7.1055172792e+00 
5.9166876238e+01 	 1.9469342412e+01 
1.4511825518e+01 	 3.0674554704e+00 
6.2436234626e+01 	 6.6696251873e+00 
1.6125424618e+01 	 8.1711042323e+00 
2.9664108400e+01 	 1.9586283846e+01 
2.4677594057e+01 	 3.8782118602e+00 
1.1574489636e+01 	 4.0695196585e+00 
2.1555655754e+01 	 2.0580282364e+01 
6.3564146227e+01 	 2.0162042499e+01 
6.3577380741e+01 	 1.1163409957e+01 
3.1093862555e+01 	 2.2684376834e+01 
4.7273418012e+01 	 2.2657067236e+01 
1.1000714304e+00 	 1.3181020724e+01 
1.5850609586e+01 	 2.0351532016e+01 
1.6693877888e+01 	 1.9873396973e+01 
1.7304896697e+01 	 2.0479631476e+01 
4.4823243252e+01 	 2.7540364849e+00 
4.6353506435e+01 	 3.9988009454e+00 
4.6238899626e+01 	 2.3438286660e+00 
3.1754656202e+01 	 1.7611281230e+01 
4.2700307629e+01 	 1.4360686825e+01 
1.5018570708e+01 	 1.9912138003e+01 
7.5431551979e+00 	 1.5119192648e+01 
5.6079248277e+00 	 1.5585926201e+01 
2.2522490135e+01 	 2.0837723004e+00 
5.4297997192e+01 	 5.1951172611e+00 
4.9435558433e+01 	 1.1237687950e+01 
5.9169289382e+01 	 5.7700637701e+00 
5.9588241689e+01 	 6.8201826152e+00 
5.0285663900e+01 	 1.2705251172e+00 
4.6424380312e+00 	 1.5963206621e+01 
3.0568609690e+01 	 1.8992895944e+01 
4.7639017460e+00 	 7.6998446389e+00 
1.8701472874e+01 	 1.9668689939e+01 
9.9945645551e+00 	 1.9894769148e+01 
2.5537990908e+01 	 9.8247747546e+00 
2.4225608590e+01 	 1.0762109786e+01 
6.0254068795e+01 	 1.7649986721e+01 
2.2373597768e+01 	 2.3790715552e+01 
4.8568221808e+01 	 1.0025036760e+01 
6.1864289551e+01 	 1.7807396013e+01 
5.7221828292e+01 	 1.6381525670e+01 
5.9003987757e+01 	 1.5170780104e+01 
5.5714178484e+01 	 2.0603518748e+01 
1.7360048708e+01 	 3.9511070936e+00 
6.4073938920e+01 	 5.1334361843e+00 
4.8221904322e+01 	 3.7236358799e+00 
6.0673033866e+01 	 8.7666107310e+00 
4.6171191752e+01 	 2.2448885159e+01 
4.7709214849e+01 	 1.1143141365e+01 
4.5364732955e+01 	 1.7761537849e+01 
2.4195640955e+01 	 1.8802432401e+01 
4.4530022165e+01 	 1.8227924252e+01 
5.0679305703e+01 	 4.4461769186e+00 
6.1742149334e+01 	 7.1535372976e+00 
4.3494819998e+01 	 2.1925771368e+01 
2.8862574559e+01 	 1.4925543214e+01 
1.6452260587e+01 	 1.7601414460e+01 
6.2067142303e+01 	 5.9024938889e+00 
5.4429820909e+01 	 1.0104387183e+01 
3.9241156554e+01 	 2.1628358894e+01 
4.9176403252e+01 	 1.7370772867e+01 
5.7427024559e+01 	 1.0243370685e+01 
5.5297498866e+01 	 1.1258334171e+01 
1.0652724738e+01 	 6.2102228815e+00 
5.2310781669e+01 	 1.6831036677e+01 
1.3927548702e+01 	 1.2752711880e+01 
1.8027685921e+01 	 1.4197383095e+01 
5.0792640111e+01 	 1.9808143283e+01 
4.6111954281e+01 	 5.9479067073e+00 
3.6333693870e+01 	 2.3958911075e+01 
3.7932132971e+01 	 8.9727554569e+00 
4.3218407284e+01 	 1.3310660259e+01 
5.8691928524e+01 	 1.0361559946e+01 
3.8335056025e+01 	 1.1055430525e+01 
9.5082581162e+00 	 8.8724003254e+00 
3.3819799590e+01 	 1.3726220776e+01 
6.1759357090e+01 	 1.3669126053e+01 
2.6591109442e+01 	 1.8844935696e+01 
5.5908509688e+01 	 8.5513189552e+00 
3.6436062484e+01 	 1.3623333635e+01 
4.0491154006e+01 	 1.7667274328e+01 
1.1230359185e+01 	 7.3178021654e+00 
5.7333969317e+01 	 1.2434352644e+01 
2.1938810837e+01 	 8.4141021429e+00 
3.6121957125e+01 	 1.6339576974e+01 
3.8377555163e+01 	 1.7167544120e+01 
9.3392702775e+00 	 7.4360848229e+00 
5.4554560228e+01 	 1.5755788119e+01 
7.4351156611e+00 	 1.2466316379e+01 
4.9631565324e+01 	 1.8843417085e+01 
3.6724248132e+01 	 1.8614332835e+01 
2.8742206073e+01 	 6.5510185009e+00 
3.7675344448e+01 	 2.0745799920e+01 
2.9017460946e+01 	 3.1000265625e+00 
3.5629756791e+01 	 7.9945939151e+00 
5.2254680908e+01 	 9.7080060211e+00 
5.3627753338e+01 	 1.2253635913e+01 
2.3364152287e+01 	 2.1888897288e+01 
1.5305276598e+01 	 3.7185930404e+00 
3.5467294124e+01 	 2.1236679111e+01 
1.5372609117e+01 	 9.1203493523e+00 
5.2960956087e+01 	 8.7026915314e+00 
4.1323659364e+01 	 2.0449709256e+01 
1.0230236663e+01 	 1.7509877791e+01 
1.4339717781e+01 	 1.0743892069e+01 
2.0656643023e+01 	 8.3071270781e+00 
5.4097320225e+01 	 1.7648898983e+01 
1.8635596492e+01 	 1.7144819607e+01 
3.9940241551e+01 	 8.5891306142e+00 
3.3551912446e+01 	 8.7350303386e+00 
1.5212100600e+01 	 1.2953098569e+01 
3.1720017466e+01 	 1.6556996572e+01 
4.1441794897e+01 	 1.0005413192e+01 
1.3232132002e+01 	 6.1890708647e+00 
1.3784831299e+01 	 1.4872769649e+01 
3.9556677135e+01 	 3.9801062196e+00 
2.6022365278e+01 	 2.4510927783e+00 
4.0118736367e+01 	 1.1742520566e+01 
5.1990134597e+01 	 2.0011909633e+01 
3.4035663429e+01 	 1.6635297102e+01 
2.7882501116e+01 	 2.0279972701e+01 
3.5342910139e+01 	 6.0341854556e+00 
3.3768488867e+01 	 7.8841983015e+00 
4.9212082992e+01 	 1.4887059889e+01 
2.1584742121e+01 	 1.5945454535e+01 
3.9354869100e+01 	 1.9387144103e+01 
3.8060605196e+01 	 1.5042950642e+01 
2.8262223039e+01 	 1.2417644810e+01 
1.1852427785e+01 	 9.4107237006e+00 
1.3312941226e+01 	 4.0130029463e+00 
2.5637135278e+01 	 2.3949135026e+01 
5.4596757657e+01 	 7.3914483843e+00 
1.6948435152e+01 	 1.0410785611e+01 
4.4206196029e+01 	 4.9586882212e+00 
1.1920937662e+01 	 1.2009229772e+00 
3.0025120655e+01 	 1.7494427084e+01 
2.3272544754e+01 	 1.3544960386e+01 
1.2014935891e+01 	 1.1310735524e+01 
4.2105364220e+01 	 3.7672572384e+00 
4.1913022228e+01 	 1.6583109519e+01 
4.1018252280e+01 	 1.9602126380e+01 
1.9116728149e+01 	 1.6067379049e+01 
2.2722012126e+01 	 2.0123245537e+01 
4.3054273312e+01 	 2.1592954879e+00 
2.4821026226e+01 	 1.3059616062e+01 
3.9043003263e+01 	 1.3399592383e+01 
5.8424174102e+01 	 1.2320137590e+01 
2.4699964818e+00 	 9.0915029354e+00 
2.1805110397e+01 	 1.1622663286e+01 
2.9594889598e+01 	 1.5529541169e+01 
1.3054313388e+01 	 1.6578911658e+01 
2.4772634049e+01 	 8.4671193084e+00 
1.3206987977e+01 	 8.1051435233e+00 
1.7188488092e+01 	 6.6731937263e+00 
5.8050095288e+01 	 8.4538252618e+00 
2.0255368240e+01 	 2.1794987259e+01 
7.7940524150e+00 	 1.0243966155e+01 
8.2940182216e+00 	 1.0936224202e+01 
9.8149485376e+00 	 1.0179769862e+01 
4.0261543803e+01 	 1.6414212521e+01 
3.1753751506e+01 	 1.4944148226e+01 
2.3396229522e+01 	 1.4415346829e+01 
3.4964836441e+01 	 1.7107162696e+01 
1.5754562274e+01 	 5.6639555681e+00 
6.1753607179e+01 	 1.0237995708e+01 
5.3118274595e+01 	 1.1571929689e+01 
4.2214925245e+01 	 5.7683796641e+00 
5.9107373931e+01 	 1.4054280831e+01 
4.3555247113e+01 	 1.5088946687e+01 
4.1619140744e+01 	 1.2218750266e+01 
2.6447232105e+01 	 5.5640955897e+00 
4.0766329087e+01 	 2.5369513028e+00 
1.3623549249e+01 	 1.9026470408e+01 
4.7595560250e+01 	 1.9430277891e+01 
2.4590638297e+01 	 6.8731299769e+00 
2.3769502536e+01 	 6.9025525781e+00 
1.5043265099e+01 	 7.5525212659e+00 
3.8655828844e+01 	 1.3957660141e+00 
4.1247079619e+01 	 1.5884137614e+01 
4.6998971193e+01 	 9.8452388507e+00 
2.9594649770e+01 	 7.2723624261e+00 
2.9182556113e+01 	 8.2059042885e+00 
3.0620257193e+01 	 8.8671360427e+00 
2.0657105118e+01 	 1.1578539849e+01 
1.0219027274e+01 	 1.2014238556e+01 
2.2096936944e+01 	 7.3116149243e+00 
4.4284182736e+01 	 6.5795945711e+00 
3.6357759980e+01 	 4.8526379604e+00 
1.4732348323e+01 	 1.7746991085e+01 
3.1780156552e+01 	 1.2013748192e+01 
4.2624264231e+01 	 6.7588511203e+00 
3.9824108820e+01 	 9.6283230414e+00 
2.6457190725e+01 	 8.0463071644e+00 
2.7848955940e+01 	 7.1556457987e+00 
2.8134497059e+01 	 8.1128381317e+00 
2.4942220369e+01 	 2.1192707265e+01 
2.8945604525e+01 	 2.0524613194e+01 
1.7551766874e+01 	 9.7138415856e+00 
6.0107738629e+01 	 7.8699888601e+00 
1.9078213326e+01 	 1.4266750101e+01 
4.1135623932e+01 	 5.6766189835e+00 
4.7249250943e+01 	 4.2943017421e+00 
5.6923487906e+01 	 1.7209406158e+01 
5.6149980004e+01 	 6.2703110486e+00 
2.5931688900e+01 	 2.0548989154e+01 
4.8438700170e+01 	 8.2461672810e+00 
4.6488584298e+01 	 1.9156015811e+01 
4.7029845557e+01 	 1.4565503576e+01 
6.4504427379e+01 	 1.7179081838e+01 
5.3031382963e+01 	 6.8143170498e+00 
4.7923342049e+01 	 6.1551908442e+00 
6.0147142202e+01 	 1.6693430887e+01 
6.0220629013e+01 	 1.2426505039e+01 
3.4928780742e+01 	 1.8293653655e+01 
2.1890248257e+01 	 1.4427694268e+01 
4.6341739645e+01 	 1.8046012309e+01 
3.5627425780e+01 	 1.5250907812e+01 
1.0263219502e+01 	 1.9149286959e+01 
1.1158019154e+01 	 1.9332874724e+01 
4.3726889358e+01 	 1.8714787462e+01 
6.3016055884e+01 	 1.5714731110e+01 
9.1643098150e+00 	 1.4576922373e+01 
6.1624208369e+01 	 1.4815586868e+01 
3.9226052665e+01 	 2.2032367082e+00 
5.1927502492e+01 	 1.4227355806e+01 
5.3564588401e+01 	 1.4484438968e+01 
5.2496031470e+01 	 1.5729016400e+01 
5.1381299989e+01 	 1.7645838356e+01 
5.5982271363e+01 	 1.2476431729e+01 
3.5748826643e+01 	 8.9484117581e+00 
3.3941461462e+01 	 9.5370225416e+00 
4.9801725929e+01 	 1.6080758290e+01 
2.5921948539e+01 	 1.9592806063e+01 
5.5311700749e+01 	 1.6036612681e+01 
5.0361909755e+01 	 1.7038392224e+01 
1.3569655903e+01 	 1.0280394144e+01 
4.4162340700e+01 	 1.3613265659e+01 
3.8347557208e+01 	 2.1157045169e+01 
5.4883870941e+01 	 1.7988391792e+01 
2.7702589395e+01 	 1.9235887953e+01 
5.5035146757e+01 	 9.1214226817e+00 
5.4052838324e+01 	 8.8946726339e+00 
4.6366414921e+01 	 7.1496236130e+00 
5.1293396909e+01 	 9.0937285141e+00 
1.3758006794e+01 	 4.6030704400e+00 
5.2405143902e+01 	 7.6916901125e+00 
1.7029462381e+01 	 1.3852543233e+01 
3.9235292043e+01 	 1.1716002654e+01 
4.0802914029e+01 	 9.2699892840e+00 
1.0165036899e+01 	 5.5799305292e+00 
3.7243817854e+01 	 1.0716283904e+01 
3.3689822165e+01 	 1.4589585663e+01 
1.7870261639e+01 	 1.5052024661e+01 
3.7157236711e+01 	 1.2780214198e+01 
3.0761788667e+01 	 1.8061226627e+01 
1.0188782667e+01 	 6.9900935569e+00 
3.3008519212e+01 	 1.3544821504e+01 
3.7005245572e+01 	 2.0339327377e+01 
3.5731538082e+01 	 1.4399030705e+01 
3.8781503387e+01 	 9.9274048947e+00 
1.0947067577e+01 	 8.5694110801e+00 
5.9835066536e+01 	 1.0437500621e+01 
5.3207881227e+01 	 1.0590304083e+01 
3.8530574166e+01 	 1.9168738734e+01 
5.0781200494e+01 	 1.8627294200e+01 
